id,time,thumb,index finger,index knuckle,middle finger,middle knuckle,ring finger,ring knuckle,pinky finger,accel x,accel y,accel z,gyro x,gyro y,gyro z
0,1518661898593,0.0,0.0,0.0,0.0,0.0,0.0,0.0,NaN,23384.0,-8060.0,-13096.0,2812.0,4009.0,889.0
1,1518661898672,0.0,0.0,0.0,0.0,0.0,0.0,0.0,0.0,22440.0,-7976.0,-13204.0,-857.0,5382.0,1311.0
2,1518661898736,0.0,0.0,0.0,0.0,0.0,0.0,0.0,0.0,22640.0,-8480.0,-13748.0,32767.0,-1.0,-1.0
3,1518661898816,0.0,0.0,0.0,0.0,0.0,0.0,0.0,0.0,22640.0,-8480.0,-13748.0,32767.0,-1.0,-1.0
4,1518661898896,0.0,0.0,0.0,0.0,0.0,0.0,0.0,0.0,22640.0,-8480.0,-13748.0,32767.0,-1.0,-1.0
5,1518661898960,0.0,0.0,0.0,0.0,0.0,0.0,0.0,0.0,22640.0,-8480.0,-13748.0,32767.0,-1.0,-1.0
6,1518661899040,0.0,0.0,0.0,0.0,0.0,0.0,0.0,0.0,22640.0,-8480.0,-13748.0,32767.0,-1.0,-1.0
7,1518661899120,0.0,0.0,0.0,0.0,0.0,0.0,0.0,0.0,22640.0,-8480.0,-13748.0,32767.0,-1.0,-1.0
8,1518661899184,0.0,0.0,0.0,0.0,0.0,0.0,0.0,0.0,22640.0,-8480.0,-13748.0,32767.0,-1.0,-1.0
9,1518661899264,0.0,0.0,0.0,0.0,0.0,0.0,0.0,0.0,22640.0,-8480.0,-13748.0,32767.0,-1.0,-1.0
10,1518661899344,0.0,0.0,0.0,0.0,0.0,0.0,0.0,0.0,22640.0,-8480.0,-13748.0,32767.0,-1.0,-1.0
11,1518661899408,0.0,0.0,0.0,0.0,0.0,0.0,0.0,0.0,22640.0,-8480.0,-13748.0,32767.0,-1.0,-1.0
12,1518661899488,0.0,0.0,0.0,0.0,0.0,0.0,0.0,0.0,22640.0,-8480.0,-13748.0,32767.0,-1.0,-1.0
13,1518661899569,0.0,0.0,0.0,0.0,0.0,0.0,0.0,0.0,22640.0,-8480.0,-13748.0,32767.0,-1.0,-1.0
14,1518661899633,0.0,0.0,0.0,0.0,0.0,0.0,0.0,0.0,22640.0,-8480.0,-13748.0,32767.0,-1.0,-1.0
15,1518661899712,0.0,0.0,0.0,0.0,0.0,0.0,0.0,0.0,22640.0,-8480.0,-13748.0,32767.0,-1.0,-1.0
16,1518661899792,0.0,0.0,0.0,0.0,0.0,0.0,0.0,0.0,22640.0,-8480.0,-13748.0,32767.0,-1.0,-1.0
17,1518661899856,0.0,0.0,0.0,0.0,0.0,0.0,0.0,0.0,22640.0,-8480.0,-13748.0,32767.0,-1.0,-1.0
18,1518661899936,0.0,0.0,0.0,0.0,0.0,0.0,0.0,0.0,22640.0,-8480.0,-13748.0,32767.0,-1.0,-1.0
19,1518661900017,0.0,0.0,0.0,0.0,0.0,0.0,0.0,0.0,22640.0,-8480.0,-13748.0,32767.0,-1.0,-1.0
20,1518661900080,0.0,0.0,0.0,0.0,0.0,0.0,0.0,0.0,22640.0,-8480.0,-13748.0,32767.0,-1.0,-1.0
21,1518661900160,0.0,0.0,0.0,0.0,0.0,0.0,0.0,0.0,22640.0,-8480.0,-13748.0,32767.0,-1.0,-1.0
22,1518661900240,0.0,0.0,0.0,0.0,0.0,0.0,0.0,0.0,22640.0,-8480.0,-13748.0,32767.0,-1.0,-1.0
23,1518661900305,0.0,0.0,0.0,0.0,0.0,0.0,0.0,0.0,22640.0,-8480.0,-13748.0,32767.0,-1.0,-1.0
24,1518661900385,0.0,0.0,0.0,0.0,0.0,0.0,0.0,0.0,22640.0,-8480.0,-13748.0,32767.0,-1.0,-1.0
25,1518661900465,0.0,0.0,0.0,0.0,0.0,0.0,0.0,0.0,22640.0,-8480.0,-13748.0,32767.0,-1.0,-1.0
26,1518661900529,0.0,0.0,0.0,0.0,0.0,0.0,0.0,0.0,22640.0,-8480.0,-13748.0,32767.0,-1.0,-1.0
27,1518661900609,0.0,0.0,0.0,0.0,0.0,0.0,0.0,0.0,22640.0,-8480.0,-13748.0,32767.0,-1.0,-1.0
28,1518661900689,0.0,0.0,0.0,0.0,0.0,0.0,0.0,0.0,22640.0,-8480.0,-13748.0,32767.0,-1.0,-1.0
29,1518661900753,0.0,0.0,0.0,0.0,0.0,0.0,0.0,0.0,22640.0,-8480.0,-13748.0,32767.0,-1.0,-1.0
30,1518661900833,0.0,0.0,0.0,0.0,0.0,0.0,0.0,0.0,22640.0,-8480.0,-13748.0,32767.0,-1.0,-1.0
31,1518661900913,0.0,0.0,0.0,0.0,0.0,0.0,0.0,0.0,22640.0,-8480.0,-13748.0,32767.0,-1.0,-1.0
32,1518661900977,0.0,0.0,0.0,0.0,0.0,0.0,0.0,0.0,22640.0,-8480.0,-13748.0,32767.0,-1.0,-1.0
33,1518661901057,0.0,0.0,0.0,0.0,0.0,0.0,0.0,0.0,22640.0,-8480.0,-13748.0,32767.0,-1.0,-1.0
34,1518661901137,0.0,0.0,0.0,0.0,0.0,0.0,0.0,0.0,22640.0,-8480.0,-13748.0,32767.0,-1.0,-1.0
35,1518661901201,0.0,0.0,0.0,0.0,0.0,0.0,0.0,0.0,22640.0,-8480.0,-13748.0,32767.0,-1.0,-1.0
36,1518661901281,0.0,0.0,0.0,0.0,0.0,0.0,0.0,0.0,22640.0,-8480.0,-13748.0,32767.0,-1.0,-1.0
37,1518661901361,0.0,0.0,0.0,0.0,0.0,0.0,0.0,0.0,22640.0,-8480.0,-13748.0,32767.0,-1.0,-1.0
38,1518661901425,0.0,0.0,0.0,0.0,0.0,0.0,0.0,0.0,22640.0,-8480.0,-13748.0,32767.0,-1.0,-1.0
39,1518661901505,0.0,0.0,0.0,0.0,0.0,0.0,0.0,0.0,22640.0,-8480.0,-13748.0,32767.0,-1.0,-1.0
40,1518661901585,0.0,0.0,0.0,0.0,0.0,0.0,0.0,0.0,22640.0,-8480.0,-13748.0,32767.0,-1.0,-1.0
41,1518661901649,0.0,0.0,0.0,0.0,0.0,0.0,0.0,0.0,22640.0,-8480.0,-13748.0,32767.0,-1.0,-1.0
42,1518661901729,0.0,0.0,0.0,0.0,0.0,0.0,0.0,0.0,22640.0,-8480.0,-13748.0,32767.0,-1.0,-1.0
43,1518661901809,0.0,0.0,0.0,0.0,0.0,0.0,0.0,0.0,22640.0,-8480.0,-13748.0,32767.0,-1.0,-1.0
44,1518661901874,0.0,0.0,0.0,0.0,0.0,0.0,0.0,0.0,22640.0,-8480.0,-13748.0,32767.0,-1.0,-1.0
45,1518661901953,0.0,0.0,0.0,0.0,0.0,0.0,0.0,0.0,22640.0,-8480.0,-13748.0,32767.0,-1.0,-1.0
46,1518661902033,0.0,0.0,0.0,0.0,0.0,0.0,0.0,0.0,22640.0,-8480.0,-13748.0,32767.0,-1.0,-1.0
47,1518661902097,0.0,0.0,0.0,0.0,0.0,0.0,0.0,0.0,22640.0,-8480.0,-13748.0,32767.0,-1.0,-1.0
48,1518661902178,0.0,0.0,0.0,0.0,0.0,0.0,0.0,0.0,22640.0,-8480.0,-13748.0,32767.0,-1.0,-1.0
49,1518661902258,0.0,0.0,0.0,0.0,0.0,0.0,0.0,0.0,22640.0,-8480.0,-13748.0,32767.0,-1.0,-1.0
50,1518661902337,0.0,0.0,0.0,0.0,0.0,0.0,0.0,0.0,22640.0,-8480.0,-13748.0,32767.0,-1.0,-1.0
51,1518661902402,0.0,0.0,0.0,0.0,0.0,0.0,0.0,0.0,22640.0,-8480.0,-13748.0,32767.0,-1.0,-1.0
52,1518661902481,0.0,0.0,0.0,0.0,0.0,0.0,0.0,0.0,22640.0,-8480.0,-13748.0,32767.0,-1.0,-1.0
53,1518661902562,0.0,0.0,0.0,0.0,0.0,0.0,0.0,0.0,22640.0,-8480.0,-13748.0,32767.0,-1.0,-1.0
54,1518661902626,0.0,0.0,0.0,0.0,0.0,0.0,0.0,0.0,22640.0,-8480.0,-13748.0,32767.0,-1.0,-1.0
55,1518661902706,0.0,0.0,0.0,0.0,0.0,0.0,0.0,0.0,22640.0,-8480.0,-13748.0,32767.0,-1.0,-1.0
56,1518661902786,0.0,0.0,0.0,0.0,0.0,0.0,0.0,0.0,22640.0,-8480.0,-13748.0,32767.0,-1.0,-1.0
57,1518661902850,0.0,0.0,0.0,0.0,0.0,0.0,0.0,0.0,22640.0,-8480.0,-13748.0,32767.0,-1.0,-1.0
58,1518661902930,0.0,0.0,0.0,0.0,0.0,0.0,0.0,0.0,22640.0,-8480.0,-13748.0,32767.0,-1.0,-1.0
59,1518661903010,0.0,0.0,0.0,0.0,0.0,0.0,0.0,0.0,22640.0,-8480.0,-13748.0,32767.0,-1.0,-1.0
60,1518661903074,0.0,0.0,0.0,0.0,0.0,0.0,0.0,0.0,22640.0,-8480.0,-13748.0,32767.0,-1.0,-1.0
61,1518661903154,0.0,0.0,0.0,0.0,0.0,0.0,0.0,0.0,22640.0,-8480.0,-13748.0,32767.0,-1.0,-1.0
62,1518661903234,0.0,0.0,0.0,0.0,0.0,0.0,0.0,0.0,22640.0,-8480.0,-13748.0,32767.0,-1.0,-1.0
63,1518661903298,0.0,0.0,0.0,0.0,0.0,0.0,0.0,0.0,22640.0,-8480.0,-13748.0,32767.0,-1.0,-1.0
64,1518661903378,0.0,0.0,0.0,0.0,0.0,0.0,0.0,0.0,22640.0,-8480.0,-13748.0,32767.0,-1.0,-1.0
65,1518661903458,0.0,0.0,0.0,0.0,0.0,0.0,0.0,0.0,22640.0,-8480.0,-13748.0,32767.0,-1.0,-1.0
66,1518661903522,0.0,0.0,0.0,0.0,0.0,0.0,0.0,0.0,22640.0,-8480.0,-13748.0,32767.0,-1.0,-1.0
67,1518661903606,0.0,0.0,0.0,0.0,0.0,0.0,0.0,0.0,22640.0,-8480.0,-13748.0,32767.0,-1.0,-1.0
68,1518661903682,0.0,0.0,0.0,0.0,0.0,0.0,0.0,0.0,22640.0,-8480.0,-13748.0,32767.0,-1.0,-1.0
69,1518661903746,0.0,0.0,0.0,0.0,0.0,0.0,0.0,0.0,22640.0,-8480.0,-13748.0,32767.0,-1.0,-1.0
70,1518661903826,0.0,0.0,0.0,0.0,0.0,0.0,0.0,0.0,22640.0,-8480.0,-13748.0,32767.0,-1.0,-1.0
71,1518661903906,0.0,0.0,0.0,0.0,0.0,0.0,0.0,0.0,22640.0,-8480.0,-13748.0,32767.0,-1.0,-1.0
72,1518661903971,0.0,0.0,0.0,0.0,0.0,0.0,0.0,0.0,22640.0,-8480.0,-13748.0,32767.0,-1.0,-1.0
73,1518661904051,0.0,0.0,0.0,0.0,0.0,0.0,0.0,0.0,22640.0,-8480.0,-13748.0,32767.0,-1.0,-1.0
74,1518661904130,0.0,0.0,0.0,0.0,0.0,0.0,0.0,0.0,22640.0,-8480.0,-13748.0,32767.0,-1.0,-1.0
75,1518661904201,0.0,0.0,0.0,0.0,0.0,0.0,0.0,0.0,22640.0,-8480.0,-13748.0,32767.0,-1.0,-1.0
76,1518661904277,0.0,0.0,0.0,0.0,0.0,0.0,0.0,0.0,22640.0,-8480.0,-13748.0,32767.0,-1.0,-1.0
77,1518661904354,0.0,0.0,0.0,0.0,0.0,0.0,0.0,0.0,22640.0,-8480.0,-13748.0,32767.0,-1.0,-1.0
78,1518661904419,0.0,0.0,0.0,0.0,0.0,0.0,0.0,0.0,22640.0,-8480.0,-13748.0,32767.0,-1.0,-1.0
79,1518661904498,0.0,0.0,0.0,0.0,0.0,0.0,0.0,0.0,22640.0,-8480.0,-13748.0,32767.0,-1.0,-1.0
80,1518661904578,0.0,0.0,0.0,0.0,0.0,0.0,0.0,0.0,22640.0,-8480.0,-13748.0,32767.0,-1.0,-1.0
81,1518661904643,0.0,0.0,0.0,0.0,0.0,0.0,0.0,0.0,22640.0,-8480.0,-13748.0,32767.0,-1.0,-1.0
82,1518661904722,0.0,0.0,0.0,0.0,0.0,0.0,0.0,0.0,22640.0,-8480.0,-13748.0,32767.0,-1.0,-1.0
83,1518661904803,0.0,0.0,0.0,0.0,0.0,0.0,0.0,0.0,22640.0,-8480.0,-13748.0,32767.0,-1.0,-1.0
84,1518661904867,0.0,0.0,0.0,0.0,0.0,0.0,0.0,0.0,22640.0,-8480.0,-13748.0,32767.0,-1.0,-1.0
85,1518661904947,0.0,0.0,0.0,0.0,0.0,0.0,0.0,0.0,22640.0,-8480.0,-13748.0,32767.0,-1.0,-1.0
86,1518661905026,0.0,0.0,0.0,0.0,0.0,0.0,0.0,0.0,22640.0,-8480.0,-13748.0,32767.0,-1.0,-1.0
87,1518661905091,0.0,0.0,0.0,0.0,0.0,0.0,0.0,0.0,22640.0,-8480.0,-13748.0,32767.0,-1.0,-1.0
88,1518661905171,0.0,0.0,0.0,0.0,0.0,0.0,0.0,0.0,22640.0,-8480.0,-13748.0,32767.0,-1.0,-1.0
89,1518661905251,0.0,0.0,0.0,0.0,0.0,0.0,0.0,0.0,22640.0,-8480.0,-13748.0,32767.0,-1.0,-1.0
90,1518661905315,0.0,0.0,0.0,0.0,0.0,0.0,0.0,0.0,22640.0,-8480.0,-13748.0,32767.0,-1.0,-1.0
91,1518661905395,0.0,0.0,0.0,0.0,0.0,0.0,0.0,0.0,22640.0,-8480.0,-13748.0,32767.0,-1.0,-1.0
92,1518661905475,0.0,0.0,0.0,0.0,0.0,0.0,0.0,0.0,22640.0,-8480.0,-13748.0,32767.0,-1.0,-1.0
93,1518661905539,0.0,0.0,0.0,0.0,0.0,0.0,0.0,0.0,22640.0,-8480.0,-13748.0,32767.0,-1.0,-1.0
94,1518661905619,0.0,0.0,0.0,0.0,0.0,0.0,0.0,0.0,22640.0,-8480.0,-13748.0,32767.0,-1.0,-1.0
95,1518661905700,0.0,0.0,0.0,0.0,0.0,0.0,0.0,0.0,22640.0,-8480.0,-13748.0,32767.0,-1.0,-1.0
96,1518661905763,0.0,0.0,0.0,0.0,0.0,0.0,0.0,0.0,22640.0,-8480.0,-13748.0,32767.0,-1.0,-1.0
97,1518661905843,0.0,0.0,0.0,0.0,0.0,0.0,0.0,0.0,22640.0,-8480.0,-13748.0,32767.0,-1.0,-1.0
98,1518661905923,0.0,0.0,0.0,0.0,0.0,0.0,0.0,0.0,22640.0,-8480.0,-13748.0,32767.0,-1.0,-1.0
99,1518661906003,0.0,0.0,0.0,0.0,0.0,0.0,0.0,0.0,22640.0,-8480.0,-13748.0,32767.0,-1.0,-1.0
100,1518661906068,0.0,0.0,0.0,0.0,0.0,0.0,0.0,0.0,22640.0,-8480.0,-13748.0,32767.0,-1.0,-1.0
101,1518661906147,0.0,0.0,0.0,0.0,0.0,0.0,0.0,0.0,22640.0,-8480.0,-13748.0,32767.0,-1.0,-1.0
102,1518661906227,0.0,0.0,0.0,0.0,0.0,0.0,0.0,0.0,22640.0,-8480.0,-13748.0,32767.0,-1.0,-1.0
103,1518661906291,0.0,0.0,0.0,0.0,0.0,0.0,0.0,0.0,22640.0,-8480.0,-13748.0,32767.0,-1.0,-1.0
104,1518661906372,0.0,0.0,0.0,0.0,0.0,0.0,0.0,0.0,22640.0,-8480.0,-13748.0,32767.0,-1.0,-1.0
105,1518661906452,0.0,0.0,0.0,0.0,0.0,0.0,0.0,0.0,22640.0,-8480.0,-13748.0,32767.0,-1.0,-1.0
106,1518661906516,0.0,0.0,0.0,0.0,0.0,0.0,0.0,0.0,22640.0,-8480.0,-13748.0,32767.0,-1.0,-1.0
107,1518661906595,0.0,0.0,0.0,0.0,0.0,0.0,0.0,0.0,22640.0,-8480.0,-13748.0,32767.0,-1.0,-1.0
108,1518661906675,0.0,0.0,0.0,0.0,0.0,0.0,0.0,0.0,22640.0,-8480.0,-13748.0,32767.0,-1.0,-1.0
109,1518661906740,0.0,0.0,0.0,0.0,0.0,0.0,0.0,0.0,22640.0,-8480.0,-13748.0,32767.0,-1.0,-1.0
110,1518661906819,0.0,0.0,0.0,0.0,0.0,0.0,0.0,0.0,22640.0,-8480.0,-13748.0,32767.0,-1.0,-1.0
111,1518661906900,0.0,0.0,0.0,0.0,0.0,0.0,0.0,0.0,22640.0,-8480.0,-13748.0,32767.0,-1.0,-1.0
112,1518661906964,0.0,0.0,0.0,0.0,0.0,0.0,0.0,0.0,22640.0,-8480.0,-13748.0,32767.0,-1.0,-1.0
113,1518661907043,0.0,0.0,0.0,0.0,0.0,0.0,0.0,0.0,22640.0,-8480.0,-13748.0,32767.0,-1.0,-1.0
114,1518661907123,0.0,0.0,0.0,0.0,0.0,0.0,0.0,0.0,22640.0,-8480.0,-13748.0,32767.0,-1.0,-1.0
115,1518661907187,0.0,0.0,0.0,0.0,0.0,0.0,0.0,0.0,22640.0,-8480.0,-13748.0,32767.0,-1.0,-1.0
116,1518661907268,0.0,0.0,0.0,0.0,0.0,0.0,0.0,0.0,22640.0,-8480.0,-13748.0,32767.0,-1.0,-1.0
117,1518661907348,0.0,0.0,0.0,0.0,0.0,0.0,0.0,0.0,22640.0,-8480.0,-13748.0,32767.0,-1.0,-1.0
118,1518661907412,0.0,0.0,0.0,0.0,0.0,0.0,0.0,0.0,22640.0,-8480.0,-13748.0,32767.0,-1.0,-1.0
119,1518661907492,0.0,0.0,0.0,0.0,0.0,0.0,0.0,0.0,22640.0,-8480.0,-13748.0,32767.0,-1.0,-1.0
120,1518661907572,0.0,0.0,0.0,0.0,0.0,0.0,0.0,0.0,22640.0,-8480.0,-13748.0,32767.0,-1.0,-1.0
121,1518661907636,0.0,0.0,0.0,0.0,0.0,0.0,0.0,0.0,22640.0,-8480.0,-13748.0,32767.0,-1.0,-1.0
122,1518661907716,0.0,0.0,0.0,0.0,0.0,0.0,0.0,0.0,22640.0,-8480.0,-13748.0,32767.0,-1.0,-1.0
123,1518661907796,0.0,0.0,0.0,0.0,0.0,0.0,0.0,0.0,22640.0,-8480.0,-13748.0,32767.0,-1.0,-1.0
124,1518661907860,0.0,0.0,0.0,0.0,0.0,0.0,0.0,0.0,22640.0,-8480.0,-13748.0,32767.0,-1.0,-1.0
125,1518661907940,0.0,0.0,0.0,0.0,0.0,0.0,0.0,0.0,22640.0,-8480.0,-13748.0,32767.0,-1.0,-1.0
126,1518661908020,0.0,0.0,0.0,0.0,0.0,0.0,0.0,0.0,22640.0,-8480.0,-13748.0,32767.0,-1.0,-1.0
127,1518661908084,0.0,0.0,0.0,0.0,0.0,0.0,0.0,0.0,22640.0,-8480.0,-13748.0,32767.0,-1.0,-1.0
128,1518661908164,0.0,0.0,0.0,0.0,0.0,0.0,0.0,0.0,22640.0,-8480.0,-13748.0,32767.0,-1.0,-1.0
129,1518661908244,0.0,0.0,0.0,0.0,0.0,0.0,0.0,0.0,22640.0,-8480.0,-13748.0,32767.0,-1.0,-1.0
130,1518661908308,0.0,0.0,0.0,0.0,0.0,0.0,0.0,0.0,22640.0,-8480.0,-13748.0,32767.0,-1.0,-1.0
131,1518661908388,0.0,0.0,0.0,0.0,0.0,0.0,0.0,0.0,22640.0,-8480.0,-13748.0,32767.0,-1.0,-1.0
132,1518661908469,0.0,0.0,0.0,0.0,0.0,0.0,0.0,0.0,22640.0,-8480.0,-13748.0,32767.0,-1.0,-1.0
133,1518661908532,0.0,0.0,0.0,0.0,0.0,0.0,0.0,0.0,22640.0,-8480.0,-13748.0,32767.0,-1.0,-1.0
134,1518661908612,0.0,0.0,0.0,0.0,0.0,0.0,0.0,0.0,22640.0,-8480.0,-13748.0,32767.0,-1.0,-1.0
135,1518661908692,0.0,0.0,0.0,0.0,0.0,0.0,0.0,0.0,22640.0,-8480.0,-13748.0,32767.0,-1.0,-1.0
136,1518661908757,0.0,0.0,0.0,0.0,0.0,0.0,0.0,0.0,22640.0,-8480.0,-13748.0,32767.0,-1.0,-1.0
137,1518661908836,0.0,0.0,0.0,0.0,0.0,0.0,0.0,0.0,22640.0,-8480.0,-13748.0,32767.0,-1.0,-1.0
138,1518661908916,0.0,0.0,0.0,0.0,0.0,0.0,0.0,0.0,22640.0,-8480.0,-13748.0,32767.0,-1.0,-1.0
139,1518661908980,0.0,0.0,0.0,0.0,0.0,0.0,0.0,0.0,22640.0,-8480.0,-13748.0,32767.0,-1.0,-1.0
140,1518661909060,0.0,0.0,0.0,0.0,0.0,0.0,0.0,0.0,22640.0,-8480.0,-13748.0,32767.0,-1.0,-1.0
141,1518661909141,0.0,0.0,0.0,0.0,0.0,0.0,0.0,0.0,22640.0,-8480.0,-13748.0,32767.0,-1.0,-1.0
142,1518661909205,0.0,0.0,0.0,0.0,0.0,0.0,0.0,0.0,22640.0,-8480.0,-13748.0,32767.0,-1.0,-1.0
143,1518661909285,0.0,0.0,0.0,0.0,0.0,0.0,0.0,0.0,22640.0,-8480.0,-13748.0,32767.0,-1.0,-1.0
144,1518661909364,0.0,0.0,0.0,0.0,0.0,0.0,0.0,0.0,22640.0,-8480.0,-13748.0,32767.0,-1.0,-1.0
145,1518661909428,0.0,0.0,0.0,0.0,0.0,0.0,0.0,0.0,22640.0,-8480.0,-13748.0,32767.0,-1.0,-1.0
146,1518661909508,0.0,0.0,0.0,0.0,0.0,0.0,0.0,0.0,22640.0,-8480.0,-13748.0,32767.0,-1.0,-1.0
147,1518661909589,0.0,0.0,0.0,0.0,0.0,0.0,0.0,0.0,22640.0,-8480.0,-13748.0,32767.0,-1.0,-1.0
148,1518661909669,0.0,0.0,0.0,0.0,0.0,0.0,0.0,0.0,22640.0,-8480.0,-13748.0,32767.0,-1.0,-1.0
149,1518661909733,0.0,0.0,0.0,0.0,0.0,0.0,0.0,0.0,22640.0,-8480.0,-13748.0,32767.0,-1.0,-1.0
150,1518661909812,0.0,0.0,0.0,0.0,0.0,0.0,0.0,0.0,22640.0,-8480.0,-13748.0,32767.0,-1.0,-1.0
151,1518661909893,0.0,0.0,0.0,0.0,0.0,0.0,0.0,0.0,22640.0,-8480.0,-13748.0,32767.0,-1.0,-1.0
152,1518661909957,0.0,0.0,0.0,0.0,0.0,0.0,0.0,0.0,22640.0,-8480.0,-13748.0,32767.0,-1.0,-1.0
153,1518661910037,0.0,0.0,0.0,0.0,0.0,0.0,0.0,0.0,22640.0,-8480.0,-13748.0,32767.0,-1.0,-1.0
154,1518661910117,0.0,0.0,0.0,0.0,0.0,0.0,0.0,0.0,22640.0,-8480.0,-13748.0,32767.0,-1.0,-1.0
155,1518661910181,0.0,0.0,0.0,0.0,0.0,0.0,0.0,0.0,22640.0,-8480.0,-13748.0,32767.0,-1.0,-1.0
156,1518661910261,0.0,0.0,0.0,0.0,0.0,0.0,0.0,0.0,22640.0,-8480.0,-13748.0,32767.0,-1.0,-1.0
157,1518661910341,0.0,0.0,0.0,0.0,0.0,0.0,0.0,0.0,22640.0,-8480.0,-13748.0,32767.0,-1.0,-1.0
158,1518661910405,0.0,0.0,0.0,0.0,0.0,0.0,0.0,0.0,22640.0,-8480.0,-13748.0,32767.0,-1.0,-1.0
159,1518661910485,0.0,0.0,0.0,0.0,0.0,0.0,0.0,0.0,22640.0,-8480.0,-13748.0,32767.0,-1.0,-1.0
160,1518661910565,0.0,0.0,0.0,0.0,0.0,0.0,0.0,0.0,22640.0,-8480.0,-13748.0,32767.0,-1.0,-1.0
161,1518661910629,0.0,0.0,0.0,0.0,0.0,0.0,0.0,0.0,22640.0,-8480.0,-13748.0,32767.0,-1.0,-1.0
162,1518661910709,0.0,0.0,0.0,0.0,0.0,0.0,0.0,0.0,22640.0,-8480.0,-13748.0,32767.0,-1.0,-1.0
163,1518661910789,0.0,0.0,0.0,0.0,0.0,0.0,0.0,0.0,22640.0,-8480.0,-13748.0,32767.0,-1.0,-1.0
164,1518661910854,0.0,0.0,0.0,0.0,0.0,0.0,0.0,0.0,22640.0,-8480.0,-13748.0,32767.0,-1.0,-1.0
165,1518661910934,0.0,0.0,0.0,0.0,0.0,0.0,0.0,0.0,22640.0,-8480.0,-13748.0,32767.0,-1.0,-1.0
166,1518661911013,0.0,0.0,0.0,0.0,0.0,0.0,0.0,0.0,22640.0,-8480.0,-13748.0,32767.0,-1.0,-1.0
167,1518661911077,0.0,0.0,0.0,0.0,0.0,0.0,0.0,0.0,22640.0,-8480.0,-13748.0,32767.0,-1.0,-1.0
168,1518661911157,0.0,0.0,0.0,0.0,0.0,0.0,0.0,0.0,22640.0,-8480.0,-13748.0,32767.0,-1.0,-1.0
169,1518661911238,0.0,0.0,0.0,0.0,0.0,0.0,0.0,0.0,22640.0,-8480.0,-13748.0,32767.0,-1.0,-1.0
170,1518661911302,0.0,0.0,0.0,0.0,0.0,0.0,0.0,0.0,22640.0,-8480.0,-13748.0,32767.0,-1.0,-1.0
171,1518661911382,0.0,0.0,0.0,0.0,0.0,0.0,0.0,0.0,22640.0,-8480.0,-13748.0,32767.0,-1.0,-1.0
172,1518661911461,0.0,0.0,0.0,0.0,0.0,0.0,0.0,0.0,22640.0,-8480.0,-13748.0,32767.0,-1.0,-1.0
173,1518661911525,0.0,0.0,0.0,0.0,0.0,0.0,0.0,0.0,22640.0,-8480.0,-13748.0,32767.0,-1.0,-1.0
174,1518661911606,0.0,0.0,0.0,0.0,0.0,0.0,0.0,0.0,22640.0,-8480.0,-13748.0,32767.0,-1.0,-1.0
175,1518661911686,0.0,0.0,0.0,0.0,0.0,0.0,0.0,0.0,22640.0,-8480.0,-13748.0,32767.0,-1.0,-1.0
176,1518661911750,0.0,0.0,0.0,0.0,0.0,0.0,0.0,0.0,22640.0,-8480.0,-13748.0,32767.0,-1.0,-1.0
177,1518661911829,0.0,0.0,0.0,0.0,0.0,0.0,0.0,0.0,22640.0,-8480.0,-13748.0,32767.0,-1.0,-1.0
178,1518661911909,0.0,0.0,0.0,0.0,0.0,0.0,0.0,0.0,22640.0,-8480.0,-13748.0,32767.0,-1.0,-1.0
179,1518661911974,0.0,0.0,0.0,0.0,0.0,0.0,0.0,0.0,22640.0,-8480.0,-13748.0,32767.0,-1.0,-1.0
180,1518661912054,0.0,0.0,0.0,0.0,0.0,0.0,0.0,0.0,22640.0,-8480.0,-13748.0,32767.0,-1.0,-1.0
181,1518661912134,0.0,0.0,0.0,0.0,0.0,0.0,0.0,0.0,22640.0,-8480.0,-13748.0,32767.0,-1.0,-1.0
182,1518661912198,0.0,0.0,0.0,0.0,0.0,0.0,0.0,0.0,22640.0,-8480.0,-13748.0,32767.0,-1.0,-1.0
183,1518661912278,0.0,0.0,0.0,0.0,0.0,0.0,0.0,0.0,22640.0,-8480.0,-13748.0,32767.0,-1.0,-1.0
184,1518661912357,0.0,0.0,0.0,0.0,0.0,0.0,0.0,0.0,22640.0,-8480.0,-13748.0,32767.0,-1.0,-1.0
185,1518661912422,0.0,0.0,0.0,0.0,0.0,0.0,0.0,0.0,22640.0,-8480.0,-13748.0,32767.0,-1.0,-1.0
186,1518661912502,0.0,0.0,0.0,0.0,0.0,0.0,0.0,0.0,22640.0,-8480.0,-13748.0,32767.0,-1.0,-1.0
187,1518661912582,0.0,0.0,0.0,0.0,0.0,0.0,0.0,0.0,22640.0,-8480.0,-13748.0,32767.0,-1.0,-1.0
188,1518661912646,0.0,0.0,0.0,0.0,0.0,0.0,0.0,0.0,22640.0,-8480.0,-13748.0,32767.0,-1.0,-1.0
189,1518661912726,0.0,0.0,0.0,0.0,0.0,0.0,0.0,0.0,22640.0,-8480.0,-13748.0,32767.0,-1.0,-1.0
190,1518661912806,0.0,0.0,0.0,0.0,0.0,0.0,0.0,0.0,22640.0,-8480.0,-13748.0,32767.0,-1.0,-1.0
191,1518661912870,0.0,0.0,0.0,0.0,0.0,0.0,0.0,0.0,22640.0,-8480.0,-13748.0,32767.0,-1.0,-1.0
192,1518661912950,0.0,0.0,0.0,0.0,0.0,0.0,0.0,0.0,22640.0,-8480.0,-13748.0,32767.0,-1.0,-1.0
193,1518661913030,0.0,0.0,0.0,0.0,0.0,0.0,0.0,0.0,22640.0,-8480.0,-13748.0,32767.0,-1.0,-1.0
194,1518661913094,0.0,0.0,0.0,0.0,0.0,0.0,0.0,0.0,22640.0,-8480.0,-13748.0,32767.0,-1.0,-1.0
195,1518661913174,0.0,0.0,0.0,0.0,0.0,0.0,0.0,0.0,22640.0,-8480.0,-13748.0,32767.0,-1.0,-1.0
196,1518661913254,0.0,0.0,0.0,0.0,0.0,0.0,0.0,0.0,22640.0,-8480.0,-13748.0,32767.0,-1.0,-1.0
197,1518661913334,0.0,0.0,0.0,0.0,0.0,0.0,0.0,0.0,22640.0,-8480.0,-13748.0,32767.0,-1.0,-1.0
198,1518661913398,0.0,0.0,0.0,0.0,0.0,0.0,0.0,0.0,22640.0,-8480.0,-13748.0,32767.0,-1.0,-1.0
199,1518661913478,0.0,0.0,0.0,0.0,0.0,0.0,0.0,0.0,22640.0,-8480.0,-13748.0,32767.0,-1.0,-1.0
200,1518661913558,0.0,0.0,0.0,0.0,0.0,0.0,0.0,0.0,22640.0,-8480.0,-13748.0,32767.0,-1.0,-1.0
201,1518661913622,0.0,0.0,0.0,0.0,0.0,0.0,0.0,0.0,22640.0,-8480.0,-13748.0,32767.0,-1.0,-1.0
202,1518661913703,0.0,0.0,0.0,0.0,0.0,0.0,0.0,0.0,22640.0,-8480.0,-13748.0,32767.0,-1.0,-1.0
203,1518661913783,0.0,0.0,0.0,0.0,0.0,0.0,0.0,0.0,22640.0,-8480.0,-13748.0,32767.0,-1.0,-1.0
204,1518661913846,0.0,0.0,0.0,0.0,0.0,0.0,0.0,0.0,22640.0,-8480.0,-13748.0,32767.0,-1.0,-1.0
205,1518661913926,0.0,0.0,0.0,0.0,0.0,0.0,0.0,0.0,22640.0,-8480.0,-13748.0,32767.0,-1.0,-1.0
206,1518661914006,0.0,0.0,0.0,0.0,0.0,0.0,0.0,0.0,22640.0,-8480.0,-13748.0,32767.0,-1.0,-1.0
207,1518661914071,0.0,0.0,0.0,0.0,0.0,0.0,0.0,0.0,22640.0,-8480.0,-13748.0,32767.0,-1.0,-1.0
208,1518661914150,0.0,0.0,0.0,0.0,0.0,0.0,0.0,0.0,22640.0,-8480.0,-13748.0,32767.0,-1.0,-1.0
209,1518661914231,0.0,0.0,0.0,0.0,0.0,0.0,0.0,0.0,22640.0,-8480.0,-13748.0,32767.0,-1.0,-1.0
210,1518661914295,0.0,0.0,0.0,0.0,0.0,0.0,0.0,0.0,22640.0,-8480.0,-13748.0,32767.0,-1.0,-1.0
211,1518661914375,0.0,0.0,0.0,0.0,0.0,0.0,0.0,0.0,22640.0,-8480.0,-13748.0,32767.0,-1.0,-1.0
212,1518661914455,0.0,0.0,0.0,0.0,0.0,0.0,0.0,0.0,22640.0,-8480.0,-13748.0,32767.0,-1.0,-1.0
213,1518661914519,0.0,0.0,0.0,0.0,0.0,0.0,0.0,0.0,22640.0,-8480.0,-13748.0,32767.0,-1.0,-1.0
214,1518661914599,0.0,0.0,0.0,0.0,0.0,0.0,0.0,0.0,22640.0,-8480.0,-13748.0,32767.0,-1.0,-1.0
215,1518661914679,0.0,0.0,0.0,0.0,0.0,0.0,0.0,0.0,22640.0,-8480.0,-13748.0,32767.0,-1.0,-1.0
216,1518661914743,0.0,0.0,0.0,0.0,0.0,0.0,0.0,0.0,22640.0,-8480.0,-13748.0,32767.0,-1.0,-1.0
217,1518661914823,0.0,0.0,0.0,0.0,0.0,0.0,0.0,0.0,22640.0,-8480.0,-13748.0,32767.0,-1.0,-1.0
218,1518661914903,0.0,0.0,0.0,0.0,0.0,0.0,0.0,0.0,22640.0,-8480.0,-13748.0,32767.0,-1.0,-1.0
219,1518661914967,0.0,0.0,0.0,0.0,0.0,0.0,0.0,0.0,22640.0,-8480.0,-13748.0,32767.0,-1.0,-1.0
220,1518661915047,0.0,0.0,0.0,0.0,0.0,0.0,0.0,0.0,22640.0,-8480.0,-13748.0,32767.0,-1.0,-1.0
221,1518661915127,0.0,0.0,0.0,0.0,0.0,0.0,0.0,0.0,22640.0,-8480.0,-13748.0,32767.0,-1.0,-1.0
222,1518661915191,0.0,0.0,0.0,0.0,0.0,0.0,0.0,0.0,22640.0,-8480.0,-13748.0,32767.0,-1.0,-1.0
223,1518661915271,0.0,0.0,0.0,0.0,0.0,0.0,0.0,0.0,22640.0,-8480.0,-13748.0,32767.0,-1.0,-1.0
224,1518661915352,0.0,0.0,0.0,0.0,0.0,0.0,0.0,0.0,22640.0,-8480.0,-13748.0,32767.0,-1.0,-1.0
225,1518661915415,0.0,0.0,0.0,0.0,0.0,0.0,0.0,0.0,22640.0,-8480.0,-13748.0,32767.0,-1.0,-1.0
226,1518661915495,0.0,0.0,0.0,0.0,0.0,0.0,0.0,0.0,22640.0,-8480.0,-13748.0,32767.0,-1.0,-1.0
227,1518661915575,0.0,0.0,0.0,0.0,0.0,0.0,0.0,0.0,22640.0,-8480.0,-13748.0,32767.0,-1.0,-1.0
228,1518661915639,0.0,0.0,0.0,0.0,0.0,0.0,0.0,0.0,22640.0,-8480.0,-13748.0,32767.0,-1.0,-1.0
229,1518661915720,0.0,0.0,0.0,0.0,0.0,0.0,0.0,0.0,22640.0,-8480.0,-13748.0,32767.0,-1.0,-1.0
230,1518661915800,0.0,0.0,0.0,0.0,0.0,0.0,0.0,0.0,22640.0,-8480.0,-13748.0,32767.0,-1.0,-1.0
231,1518661915863,0.0,0.0,0.0,0.0,0.0,0.0,0.0,0.0,22640.0,-8480.0,-13748.0,32767.0,-1.0,-1.0
232,1518661915943,0.0,0.0,0.0,0.0,0.0,0.0,0.0,0.0,22640.0,-8480.0,-13748.0,32767.0,-1.0,-1.0
233,1518661916023,0.0,0.0,0.0,0.0,0.0,0.0,0.0,0.0,22640.0,-8480.0,-13748.0,32767.0,-1.0,-1.0
234,1518661916088,0.0,0.0,0.0,0.0,0.0,0.0,0.0,0.0,22640.0,-8480.0,-13748.0,32767.0,-1.0,-1.0
235,1518661916168,0.0,0.0,0.0,0.0,0.0,0.0,0.0,0.0,22640.0,-8480.0,-13748.0,32767.0,-1.0,-1.0
236,1518661916247,0.0,0.0,0.0,0.0,0.0,0.0,0.0,0.0,22640.0,-8480.0,-13748.0,32767.0,-1.0,-1.0
237,1518661916311,0.0,0.0,0.0,0.0,0.0,0.0,0.0,0.0,22640.0,-8480.0,-13748.0,32767.0,-1.0,-1.0
238,1518661916391,0.0,0.0,0.0,0.0,0.0,0.0,0.0,0.0,22640.0,-8480.0,-13748.0,32767.0,-1.0,-1.0
239,1518661916472,0.0,0.0,0.0,0.0,0.0,0.0,0.0,0.0,22640.0,-8480.0,-13748.0,32767.0,-1.0,-1.0
240,1518661916536,0.0,0.0,0.0,0.0,0.0,0.0,0.0,0.0,22640.0,-8480.0,-13748.0,32767.0,-1.0,-1.0
241,1518661916616,0.0,0.0,0.0,0.0,0.0,0.0,0.0,0.0,22640.0,-8480.0,-13748.0,32767.0,-1.0,-1.0
242,1518661916696,0.0,0.0,0.0,0.0,0.0,0.0,0.0,0.0,22640.0,-8480.0,-13748.0,32767.0,-1.0,-1.0
243,1518661916760,0.0,0.0,0.0,0.0,0.0,0.0,0.0,0.0,22640.0,-8480.0,-13748.0,32767.0,-1.0,-1.0
244,1518661916840,0.0,0.0,0.0,0.0,0.0,0.0,0.0,0.0,22640.0,-8480.0,-13748.0,32767.0,-1.0,-1.0
245,1518661916920,0.0,0.0,0.0,0.0,0.0,0.0,0.0,0.0,22640.0,-8480.0,-13748.0,32767.0,-1.0,-1.0
246,1518661917000,0.0,0.0,0.0,0.0,0.0,0.0,0.0,0.0,22640.0,-8480.0,-13748.0,32767.0,-1.0,-1.0
247,1518661917064,0.0,0.0,0.0,0.0,0.0,0.0,0.0,0.0,22640.0,-8480.0,-13748.0,32767.0,-1.0,-1.0
248,1518661917144,0.0,0.0,0.0,0.0,0.0,0.0,0.0,0.0,22640.0,-8480.0,-13748.0,32767.0,-1.0,-1.0
249,1518661917225,0.0,0.0,0.0,0.0,0.0,0.0,0.0,0.0,22640.0,-8480.0,-13748.0,32767.0,-1.0,-1.0
250,1518661917288,0.0,0.0,0.0,0.0,0.0,0.0,0.0,0.0,22640.0,-8480.0,-13748.0,32767.0,-1.0,-1.0
251,1518661917368,0.0,0.0,0.0,0.0,0.0,0.0,0.0,0.0,22640.0,-8480.0,-13748.0,32767.0,-1.0,-1.0
252,1518661917448,0.0,0.0,0.0,0.0,0.0,0.0,0.0,0.0,22640.0,-8480.0,-13748.0,32767.0,-1.0,-1.0
253,1518661917512,0.0,0.0,0.0,0.0,0.0,0.0,0.0,0.0,22640.0,-8480.0,-13748.0,32767.0,-1.0,-1.0
254,1518661917592,0.0,0.0,0.0,0.0,0.0,0.0,0.0,0.0,22640.0,-8480.0,-13748.0,32767.0,-1.0,-1.0
255,1518661917672,0.0,0.0,0.0,0.0,0.0,0.0,0.0,0.0,22640.0,-8480.0,-13748.0,32767.0,-1.0,-1.0
256,1518661917736,0.0,0.0,0.0,0.0,0.0,0.0,0.0,0.0,22640.0,-8480.0,-13748.0,32767.0,-1.0,-1.0
257,1518661917816,0.0,0.0,0.0,0.0,0.0,0.0,0.0,0.0,22640.0,-8480.0,-13748.0,32767.0,-1.0,-1.0
258,1518661917896,0.0,0.0,0.0,0.0,0.0,0.0,0.0,0.0,22640.0,-8480.0,-13748.0,32767.0,-1.0,-1.0
259,1518661917960,0.0,0.0,0.0,0.0,0.0,0.0,0.0,0.0,22640.0,-8480.0,-13748.0,32767.0,-1.0,-1.0
260,1518661918041,0.0,0.0,0.0,0.0,0.0,0.0,0.0,0.0,22640.0,-8480.0,-13748.0,32767.0,-1.0,-1.0
261,1518661918120,0.0,0.0,0.0,0.0,0.0,0.0,0.0,0.0,22640.0,-8480.0,-13748.0,32767.0,-1.0,-1.0
262,1518661918185,0.0,0.0,0.0,0.0,0.0,0.0,0.0,0.0,22640.0,-8480.0,-13748.0,32767.0,-1.0,-1.0
263,1518661918264,0.0,0.0,0.0,0.0,0.0,0.0,0.0,0.0,22640.0,-8480.0,-13748.0,32767.0,-1.0,-1.0
264,1518661918344,0.0,0.0,0.0,0.0,0.0,0.0,0.0,0.0,22640.0,-8480.0,-13748.0,32767.0,-1.0,-1.0
265,1518661918408,0.0,0.0,0.0,0.0,0.0,0.0,0.0,0.0,22640.0,-8480.0,-13748.0,32767.0,-1.0,-1.0
266,1518661918488,0.0,0.0,0.0,0.0,0.0,0.0,0.0,0.0,22640.0,-8480.0,-13748.0,32767.0,-1.0,-1.0
267,1518661918569,0.0,0.0,0.0,0.0,0.0,0.0,0.0,0.0,22640.0,-8480.0,-13748.0,32767.0,-1.0,-1.0
268,1518661918632,0.0,0.0,0.0,0.0,0.0,0.0,0.0,0.0,22640.0,-8480.0,-13748.0,32767.0,-1.0,-1.0
269,1518661918713,0.0,0.0,0.0,0.0,0.0,0.0,0.0,0.0,22640.0,-8480.0,-13748.0,32767.0,-1.0,-1.0
270,1518661918793,0.0,0.0,0.0,0.0,0.0,0.0,0.0,0.0,22640.0,-8480.0,-13748.0,32767.0,-1.0,-1.0
271,1518661918857,0.0,0.0,0.0,0.0,0.0,0.0,0.0,0.0,22640.0,-8480.0,-13748.0,32767.0,-1.0,-1.0
272,1518661918937,0.0,0.0,0.0,0.0,0.0,0.0,0.0,0.0,22640.0,-8480.0,-13748.0,32767.0,-1.0,-1.0
273,1518661919017,0.0,0.0,0.0,0.0,0.0,0.0,0.0,0.0,22640.0,-8480.0,-13748.0,32767.0,-1.0,-1.0
274,1518661919081,0.0,0.0,0.0,0.0,0.0,0.0,0.0,0.0,22640.0,-8480.0,-13748.0,32767.0,-1.0,-1.0
275,1518661919161,0.0,0.0,0.0,0.0,0.0,0.0,0.0,0.0,22640.0,-8480.0,-13748.0,32767.0,-1.0,-1.0
276,1518661919241,0.0,0.0,0.0,0.0,0.0,0.0,0.0,0.0,22640.0,-8480.0,-13748.0,32767.0,-1.0,-1.0
277,1518661919305,0.0,0.0,0.0,0.0,0.0,0.0,0.0,0.0,22640.0,-8480.0,-13748.0,32767.0,-1.0,-1.0
278,1518661919385,0.0,0.0,0.0,0.0,0.0,0.0,0.0,0.0,22640.0,-8480.0,-13748.0,32767.0,-1.0,-1.0
279,1518661919465,0.0,0.0,0.0,0.0,0.0,0.0,0.0,0.0,22640.0,-8480.0,-13748.0,32767.0,-1.0,-1.0
280,1518661919529,0.0,0.0,0.0,0.0,0.0,0.0,0.0,0.0,22640.0,-8480.0,-13748.0,32767.0,-1.0,-1.0
281,1518661919609,0.0,0.0,0.0,0.0,0.0,0.0,0.0,0.0,22640.0,-8480.0,-13748.0,32767.0,-1.0,-1.0
282,1518661919689,0.0,0.0,0.0,0.0,0.0,0.0,0.0,0.0,22640.0,-8480.0,-13748.0,32767.0,-1.0,-1.0
283,1518661919753,0.0,0.0,0.0,0.0,0.0,0.0,0.0,0.0,22640.0,-8480.0,-13748.0,32767.0,-1.0,-1.0
284,1518661919833,0.0,0.0,0.0,0.0,0.0,0.0,0.0,0.0,22640.0,-8480.0,-13748.0,32767.0,-1.0,-1.0
285,1518661919912,0.0,0.0,0.0,0.0,0.0,0.0,0.0,0.0,22640.0,-8480.0,-13748.0,32767.0,-1.0,-1.0
286,1518661919977,0.0,0.0,0.0,0.0,0.0,0.0,0.0,0.0,22640.0,-8480.0,-13748.0,32767.0,-1.0,-1.0
287,1518661920057,0.0,0.0,0.0,0.0,0.0,0.0,0.0,0.0,22640.0,-8480.0,-13748.0,32767.0,-1.0,-1.0
288,1518661920137,0.0,0.0,0.0,0.0,0.0,0.0,0.0,0.0,22640.0,-8480.0,-13748.0,32767.0,-1.0,-1.0
289,1518661920201,0.0,0.0,0.0,0.0,0.0,0.0,0.0,0.0,22640.0,-8480.0,-13748.0,32767.0,-1.0,-1.0
290,1518661920281,0.0,0.0,0.0,0.0,0.0,0.0,0.0,0.0,22640.0,-8480.0,-13748.0,32767.0,-1.0,-1.0
291,1518661920361,0.0,0.0,0.0,0.0,0.0,0.0,0.0,0.0,22640.0,-8480.0,-13748.0,32767.0,-1.0,-1.0
292,1518661920426,0.0,0.0,0.0,0.0,0.0,0.0,0.0,0.0,22640.0,-8480.0,-13748.0,32767.0,-1.0,-1.0
293,1518661920505,0.0,0.0,0.0,0.0,0.0,0.0,0.0,0.0,22640.0,-8480.0,-13748.0,32767.0,-1.0,-1.0
294,1518661920586,0.0,0.0,0.0,0.0,0.0,0.0,0.0,0.0,22640.0,-8480.0,-13748.0,32767.0,-1.0,-1.0
295,1518661920666,0.0,0.0,0.0,0.0,0.0,0.0,0.0,0.0,22640.0,-8480.0,-13748.0,32767.0,-1.0,-1.0
296,1518661920729,0.0,0.0,0.0,0.0,0.0,0.0,0.0,0.0,22640.0,-8480.0,-13748.0,32767.0,-1.0,-1.0
297,1518661920809,0.0,0.0,0.0,0.0,0.0,0.0,0.0,0.0,22640.0,-8480.0,-13748.0,32767.0,-1.0,-1.0
298,1518661920890,0.0,0.0,0.0,0.0,0.0,0.0,0.0,0.0,20924.0,-15304.0,-12520.0,-245.0,632.0,-14869.0
299,1518661920969,0.0,0.0,0.0,0.0,0.0,0.0,0.0,0.0,13488.0,-21716.0,-12176.0,-10511.0,-536.0,-23361.0
300,1518661921050,0.0,0.0,0.0,0.0,0.0,0.0,0.0,0.0,23352.0,-19936.0,-10276.0,5086.0,-12362.0,-1287.0
301,1518661921129,0.0,0.0,0.0,0.0,0.0,0.0,0.0,0.0,26272.0,-17692.0,-9236.0,-4844.0,-4921.0,2115.0
302,1518661921209,0.0,0.0,0.0,0.0,0.0,0.0,0.0,0.0,23948.0,-18196.0,-10836.0,10375.0,-909.0,-4064.0
303,1518661921290,0.0,0.0,0.0,0.0,0.0,0.0,0.0,0.0,22516.0,-19140.0,-11256.0,5109.0,-3606.0,-2257.0
304,1518661921370,0.0,0.0,0.0,0.0,0.0,0.0,0.0,0.0,22204.0,-20408.0,-10240.0,-1875.0,832.0,-1829.0
305,1518661921450,0.0,0.0,0.0,0.0,0.0,0.0,0.0,0.0,23628.0,-21120.0,-9276.0,-4153.0,6620.0,-4020.0
306,1518661921530,0.0,0.0,0.0,0.0,0.0,0.0,0.0,0.0,23240.0,-23004.0,-9944.0,-9301.0,628.0,-2623.0
307,1518661921610,0.0,0.0,0.0,0.0,0.0,0.0,0.0,0.0,23324.0,-21552.0,-11944.0,2242.0,-4665.0,-130.0
308,1518661921690,0.0,0.0,0.0,0.0,0.0,0.0,0.0,0.0,22184.0,-22680.0,-12688.0,-1367.0,-3002.0,-740.0
309,1518661921770,0.0,0.0,0.0,0.0,0.0,0.0,0.0,0.0,21948.0,-21120.0,-12572.0,-5615.0,-3711.0,2524.0
310,1518661921850,0.0,0.0,0.0,0.0,0.0,0.0,0.0,0.0,22436.0,-20152.0,-11856.0,-9278.0,-14598.0,9677.0
311,1518661921946,0.0,0.0,0.0,0.0,0.0,0.0,0.0,0.0,24992.0,-19336.0,-10376.0,-21400.0,-17475.0,14990.0
312,1518661922026,0.0,0.0,0.0,0.0,0.0,0.0,0.0,0.0,23820.0,-23628.0,-9456.0,-23235.0,-18516.0,5818.0
313,1518661922106,0.0,0.0,0.0,0.0,0.0,0.0,0.0,0.0,32676.0,-21300.0,-5704.0,-21672.0,-26691.0,-7129.0
314,1518661922186,0.0,0.0,0.0,0.0,0.0,0.0,0.0,0.0,31940.0,-24272.0,9300.0,16339.0,-13790.0,9265.0
315,1518661922266,0.0,0.0,0.0,0.0,0.0,0.0,0.0,0.0,26708.0,-18460.0,4216.0,5265.0,8032.0,-7979.0
316,1518661922346,0.0,0.0,0.0,0.0,0.0,0.0,0.0,0.0,23828.0,-19056.0,520.0,4434.0,1858.0,-7031.0
317,1518661922426,0.0,0.0,0.0,0.0,0.0,0.0,0.0,0.0,26504.0,-18836.0,1640.0,3279.0,-2237.0,-1566.0
318,1518661922506,0.0,0.0,0.0,0.0,0.0,0.0,0.0,0.0,26604.0,-17928.0,2272.0,3464.0,-1358.0,-1852.0
319,1518661922586,0.0,0.0,0.0,0.0,0.0,0.0,0.0,0.0,26908.0,-18224.0,2508.0,2460.0,-1891.0,-1756.0
320,1518661922650,0.0,0.0,0.0,0.0,0.0,0.0,0.0,0.0,26656.0,-18348.0,3376.0,507.0,-1055.0,-3314.0
321,1518661922730,0.0,0.0,0.0,0.0,0.0,0.0,0.0,0.0,28012.0,-19120.0,3572.0,-3629.0,-1433.0,-4011.0
322,1518661922810,0.0,0.0,0.0,0.0,0.0,0.0,0.0,0.0,28528.0,-20176.0,2264.0,-1588.0,-1651.0,-2284.0
323,1518661922890,0.0,0.0,0.0,0.0,0.0,0.0,0.0,0.0,29548.0,-19628.0,3100.0,904.0,-1954.0,-624.0
324,1518661922970,0.0,0.0,0.0,0.0,0.0,0.0,0.0,0.0,28352.0,-18184.0,4916.0,536.0,-4849.0,2848.0
325,1518661923050,0.0,0.0,0.0,0.0,0.0,0.0,0.0,0.0,29560.0,-17368.0,4616.0,-28.0,-2735.0,-767.0
326,1518661923130,0.0,0.0,0.0,0.0,0.0,0.0,0.0,0.0,28972.0,-17288.0,4216.0,565.0,-2577.0,-1590.0
327,1518661923194,0.0,0.0,0.0,0.0,0.0,0.0,0.0,0.0,30124.0,-18144.0,4324.0,247.0,-902.0,-1815.0
328,1518661923274,0.0,0.0,0.0,0.0,0.0,0.0,0.0,0.0,32420.0,-18408.0,5848.0,-660.0,1645.0,-5864.0
329,1518661923355,0.0,0.0,0.0,0.0,0.0,0.0,0.0,0.0,32104.0,-19444.0,5404.0,758.0,-507.0,-2997.0
330,1518661923435,0.0,0.0,0.0,0.0,0.0,0.0,0.0,0.0,30960.0,-19840.0,4852.0,992.0,813.0,-1367.0
331,1518661923515,0.0,0.0,0.0,0.0,0.0,0.0,0.0,0.0,29516.0,-19168.0,3748.0,1273.0,2205.0,-740.0
332,1518661923579,0.0,0.0,0.0,0.0,0.0,0.0,0.0,0.0,28536.0,-19392.0,3312.0,872.0,3389.0,894.0
333,1518661923659,0.0,0.0,0.0,0.0,0.0,0.0,0.0,0.0,28200.0,-19204.0,4196.0,1350.0,1609.0,3189.0
334,1518661923739,0.0,0.0,0.0,0.0,0.0,0.0,0.0,0.0,29968.0,-18804.0,4708.0,1182.0,1737.0,2253.0
335,1518661923819,0.0,0.0,0.0,0.0,0.0,0.0,0.0,0.0,29708.0,-18512.0,4132.0,3397.0,2578.0,2520.0
336,1518661923899,0.0,0.0,0.0,0.0,0.0,0.0,0.0,0.0,28748.0,-17084.0,4532.0,4207.0,1740.0,4364.0
337,1518661923963,0.0,0.0,0.0,0.0,0.0,0.0,0.0,0.0,28748.0,-15512.0,4744.0,4441.0,2059.0,5852.0
338,1518661924043,0.0,0.0,0.0,0.0,0.0,0.0,0.0,0.0,27224.0,-14056.0,4936.0,617.0,937.0,6619.0
339,1518661924123,0.0,0.0,0.0,0.0,0.0,0.0,0.0,0.0,28152.0,-13528.0,4032.0,-977.0,2732.0,6574.0
340,1518661924203,0.0,0.0,0.0,0.0,0.0,0.0,0.0,0.0,27260.0,-13544.0,3492.0,-259.0,1268.0,6306.0
341,1518661924267,0.0,0.0,0.0,0.0,0.0,0.0,0.0,0.0,26248.0,-13080.0,3732.0,3229.0,731.0,5785.0
342,1518661924347,0.0,0.0,0.0,0.0,0.0,0.0,0.0,0.0,26612.0,-12412.0,4396.0,600.0,-39.0,4583.0
343,1518661924427,0.0,0.0,0.0,0.0,0.0,0.0,0.0,0.0,25956.0,-9324.0,4056.0,783.0,978.0,993.0
344,1518661924491,0.0,0.0,0.0,0.0,0.0,0.0,0.0,0.0,26824.0,-10384.0,3872.0,-1277.0,-126.0,-222.0
345,1518661924571,0.0,0.0,0.0,0.0,0.0,0.0,0.0,0.0,27184.0,-11340.0,4128.0,-2058.0,-384.0,-68.0
346,1518661924651,0.0,0.0,0.0,0.0,0.0,0.0,0.0,0.0,26760.0,-11756.0,4068.0,-1478.0,-474.0,-966.0
347,1518661924731,0.0,0.0,0.0,0.0,0.0,0.0,0.0,0.0,27240.0,-11756.0,3816.0,-1432.0,110.0,-1685.0
348,1518661924811,0.0,0.0,0.0,0.0,0.0,0.0,0.0,0.0,26960.0,-11944.0,3956.0,-1083.0,-751.0,-1759.0
349,1518661924891,0.0,0.0,0.0,0.0,0.0,0.0,0.0,0.0,27476.0,-12868.0,3532.0,506.0,-243.0,-2946.0
350,1518661924971,0.0,0.0,0.0,0.0,0.0,0.0,0.0,0.0,27500.0,-12656.0,4064.0,1710.0,-475.0,-2920.0
351,1518661925036,0.0,0.0,0.0,0.0,0.0,0.0,0.0,0.0,27424.0,-12100.0,4040.0,1214.0,-513.0,-3514.0
352,1518661925116,0.0,0.0,0.0,0.0,0.0,0.0,0.0,0.0,27556.0,-12640.0,4672.0,1418.0,-436.0,-3447.0
353,1518661925195,0.0,0.0,0.0,0.0,0.0,0.0,0.0,0.0,27804.0,-12760.0,4768.0,19.0,-1014.0,-3267.0
354,1518661925275,0.0,0.0,0.0,0.0,0.0,0.0,0.0,0.0,27724.0,-13104.0,4348.0,-545.0,-859.0,-3725.0
355,1518661925355,0.0,0.0,0.0,0.0,0.0,0.0,0.0,0.0,27856.0,-13648.0,4464.0,-296.0,-907.0,-3477.0
356,1518661925436,0.0,0.0,0.0,0.0,0.0,0.0,0.0,0.0,28248.0,-13752.0,4796.0,-97.0,-707.0,-3159.0
357,1518661925515,0.0,0.0,0.0,0.0,0.0,0.0,0.0,0.0,28668.0,-13948.0,4636.0,-378.0,-1001.0,-2727.0
358,1518661925579,0.0,0.0,0.0,0.0,0.0,0.0,0.0,0.0,28172.0,-13836.0,5016.0,-440.0,-944.0,-2718.0
359,1518661925669,0.0,0.0,0.0,0.0,0.0,0.0,0.0,0.0,28592.0,-14428.0,4900.0,-968.0,-700.0,-3249.0
360,1518661925739,0.0,0.0,0.0,0.0,0.0,0.0,0.0,0.0,28732.0,-15352.0,4744.0,-486.0,-755.0,-3305.0
361,1518661925820,0.0,0.0,0.0,0.0,0.0,0.0,0.0,0.0,29212.0,-15448.0,4956.0,921.0,633.0,-3591.0
362,1518661925900,0.0,0.0,0.0,0.0,0.0,0.0,0.0,0.0,29136.0,-15456.0,5224.0,1523.0,365.0,-2903.0
363,1518661925980,0.0,0.0,0.0,0.0,0.0,0.0,0.0,0.0,27696.0,-15580.0,4884.0,2484.0,3035.0,-3987.0
364,1518661926060,0.0,0.0,0.0,0.0,0.0,0.0,0.0,0.0,29116.0,-14804.0,5140.0,1638.0,-867.0,-1393.0
365,1518661926124,0.0,0.0,0.0,0.0,0.0,0.0,0.0,0.0,28788.0,-14520.0,5368.0,2375.0,289.0,-2232.0
366,1518661926204,0.0,0.0,0.0,0.0,0.0,0.0,0.0,0.0,28984.0,-14540.0,5188.0,2517.0,-354.0,-1485.0
367,1518661926284,0.0,0.0,0.0,0.0,0.0,0.0,0.0,0.0,29008.0,-14412.0,5292.0,2315.0,-150.0,-2064.0
368,1518661926363,0.0,0.0,0.0,0.0,0.0,0.0,0.0,0.0,29084.0,-13896.0,5672.0,1411.0,663.0,-2142.0
369,1518661926443,0.0,0.0,0.0,0.0,0.0,0.0,0.0,0.0,29268.0,-13872.0,6056.0,-229.0,-532.0,-1967.0
370,1518661926508,0.0,0.0,0.0,0.0,0.0,0.0,0.0,0.0,29996.0,-15088.0,5864.0,395.0,357.0,-1601.0
371,1518661926588,0.0,0.0,0.0,0.0,0.0,0.0,0.0,0.0,29436.0,-14580.0,5348.0,35.0,147.0,-1075.0
372,1518661926668,0.0,0.0,0.0,0.0,0.0,0.0,0.0,0.0,29264.0,-14384.0,5796.0,-1323.0,-411.0,-783.0
373,1518661926748,0.0,0.0,0.0,0.0,0.0,0.0,0.0,0.0,29668.0,-14884.0,5720.0,-3391.0,-874.0,-676.0
374,1518661926828,0.0,0.0,0.0,0.0,0.0,0.0,0.0,0.0,30576.0,-15036.0,5612.0,-1803.0,91.0,-909.0
375,1518661926892,0.0,0.0,0.0,0.0,0.0,0.0,0.0,0.0,29712.0,-15228.0,5212.0,-1505.0,-929.0,-20.0
376,1518661926972,0.0,0.0,0.0,0.0,0.0,0.0,0.0,0.0,29936.0,-15320.0,5504.0,-198.0,151.0,-1353.0
377,1518661927052,0.0,0.0,0.0,0.0,0.0,0.0,0.0,0.0,29936.0,-15364.0,4876.0,94.0,-543.0,-1037.0
378,1518661927132,0.0,0.0,0.0,0.0,0.0,0.0,0.0,0.0,29308.0,-15420.0,6440.0,693.0,-2796.0,-1038.0
379,1518661927212,0.0,0.0,0.0,0.0,0.0,0.0,0.0,0.0,30744.0,-15020.0,6240.0,-619.0,-529.0,-2418.0
380,1518661927292,0.0,0.0,0.0,0.0,0.0,0.0,0.0,0.0,30420.0,-15236.0,5776.0,-2580.0,-2035.0,-1460.0
381,1518661927372,0.0,0.0,0.0,0.0,0.0,0.0,0.0,0.0,31944.0,-15908.0,6776.0,-4283.0,-1963.0,-1814.0
382,1518661927453,0.0,0.0,0.0,0.0,0.0,0.0,0.0,0.0,31836.0,-17384.0,5924.0,-4623.0,-2239.0,-1798.0
383,1518661927532,0.0,0.0,0.0,0.0,0.0,0.0,0.0,0.0,32292.0,-18932.0,5736.0,-2793.0,-2208.0,-746.0
384,1518661927612,0.0,0.0,0.0,0.0,0.0,0.0,0.0,0.0,32172.0,-18108.0,5360.0,-2159.0,-1251.0,-637.0
385,1518661927676,0.0,0.0,0.0,0.0,0.0,0.0,0.0,0.0,32320.0,-18068.0,5804.0,288.0,-719.0,-1336.0
386,1518661927757,0.0,0.0,0.0,0.0,0.0,0.0,0.0,0.0,32767.0,-18284.0,6296.0,355.0,-629.0,-1570.0
387,1518661927836,0.0,0.0,0.0,0.0,0.0,0.0,0.0,0.0,32767.0,-18420.0,6424.0,724.0,-1890.0,846.0
388,1518661927916,0.0,0.0,0.0,0.0,0.0,0.0,0.0,0.0,32744.0,-17912.0,6212.0,1307.0,-612.0,349.0
389,1518661927981,0.0,0.0,0.0,0.0,0.0,0.0,0.0,0.0,32767.0,-17836.0,6456.0,-996.0,-919.0,249.0
390,1518661928061,0.0,0.0,0.0,0.0,0.0,0.0,0.0,0.0,32767.0,-18184.0,7164.0,-826.0,362.0,-532.0
391,1518661928140,0.0,0.0,0.0,0.0,0.0,0.0,0.0,0.0,32767.0,-17800.0,7044.0,-2665.0,-3127.0,1207.0
392,1518661928220,0.0,0.0,0.0,0.0,0.0,0.0,0.0,0.0,32767.0,-16404.0,8432.0,-2849.0,-6338.0,1922.0
393,1518661928301,0.0,0.0,0.0,0.0,0.0,0.0,0.0,0.0,32767.0,-19784.0,6436.0,-5585.0,-2424.0,-1225.0
394,1518661928381,0.0,0.0,0.0,0.0,0.0,0.0,0.0,0.0,32767.0,-19968.0,5444.0,-6455.0,-3090.0,-1451.0
395,1518661928460,0.0,0.0,0.0,0.0,0.0,0.0,0.0,0.0,32767.0,-20364.0,5144.0,-1010.0,-4099.0,2068.0
396,1518661928540,0.0,0.0,0.0,0.0,0.0,0.0,0.0,0.0,32767.0,-22228.0,4860.0,-3411.0,-39.0,-503.0
397,1518661928620,0.0,0.0,0.0,0.0,0.0,0.0,0.0,0.0,32767.0,-21832.0,4556.0,-215.0,1164.0,-698.0
398,1518661928685,0.0,0.0,0.0,0.0,0.0,0.0,0.0,0.0,32767.0,-20192.0,6655.0,-1.0,-1.0,-1.0
399,1518661928749,0.0,0.0,0.0,0.0,0.0,0.0,0.0,0.0,32767.0,-20192.0,6655.0,-1.0,-1.0,-1.0
400,1518661928829,0.0,0.0,0.0,0.0,0.0,0.0,0.0,0.0,32767.0,-20192.0,6655.0,-1.0,-1.0,-1.0
401,1518661928893,0.0,0.0,0.0,0.0,0.0,0.0,0.0,0.0,32767.0,-20192.0,6655.0,-1.0,-1.0,-1.0
402,1518661928973,0.0,0.0,0.0,0.0,0.0,0.0,0.0,0.0,32767.0,-20192.0,6655.0,-1.0,-1.0,-1.0
403,1518661929037,0.0,0.0,0.0,0.0,0.0,0.0,0.0,0.0,32767.0,-20192.0,6655.0,-1.0,-1.0,-1.0
404,1518661929101,0.0,0.0,0.0,0.0,0.0,0.0,0.0,0.0,32767.0,-20192.0,6655.0,-1.0,-1.0,-1.0
405,1518661929181,0.0,0.0,0.0,0.0,0.0,0.0,0.0,0.0,32767.0,-20192.0,6655.0,-1.0,-1.0,-1.0
406,1518661929245,0.0,0.0,0.0,0.0,0.0,0.0,0.0,0.0,32767.0,-20192.0,6655.0,-1.0,-1.0,-1.0
407,1518661929325,0.0,0.0,0.0,0.0,0.0,0.0,0.0,0.0,32767.0,-20192.0,6655.0,-1.0,-1.0,-1.0
408,1518661929389,0.0,0.0,0.0,0.0,0.0,0.0,0.0,0.0,32767.0,-20192.0,6655.0,-1.0,-1.0,-1.0
409,1518661929454,0.0,0.0,0.0,0.0,0.0,0.0,0.0,0.0,32767.0,-20192.0,6655.0,-1.0,-1.0,-1.0
410,1518661929534,0.0,0.0,0.0,0.0,0.0,0.0,0.0,0.0,32767.0,-20192.0,6655.0,-1.0,-1.0,-1.0
411,1518661929597,0.0,0.0,0.0,0.0,0.0,0.0,0.0,0.0,32767.0,-20192.0,6655.0,-1.0,-1.0,-1.0
412,1518661929677,0.0,0.0,0.0,0.0,0.0,0.0,0.0,0.0,32767.0,-20192.0,6655.0,-1.0,-1.0,-1.0
413,1518661929741,0.0,0.0,0.0,0.0,0.0,0.0,0.0,0.0,32767.0,-20192.0,6655.0,-1.0,-1.0,-1.0
414,1518661929821,0.0,0.0,0.0,0.0,0.0,0.0,0.0,0.0,32767.0,-20192.0,6655.0,-1.0,-1.0,-1.0
415,1518661929885,0.0,0.0,0.0,0.0,0.0,0.0,0.0,0.0,32767.0,-20192.0,6655.0,-1.0,-1.0,-1.0
416,1518661929949,0.0,0.0,0.0,0.0,0.0,0.0,0.0,0.0,32767.0,-20192.0,6655.0,-1.0,-1.0,-1.0
417,1518661930029,0.0,0.0,0.0,0.0,0.0,0.0,0.0,0.0,32767.0,-20192.0,6655.0,-1.0,-1.0,-1.0
418,1518661930093,0.0,0.0,0.0,0.0,0.0,0.0,0.0,0.0,32767.0,-20192.0,6655.0,-1.0,-1.0,-1.0
419,1518661930174,0.0,0.0,0.0,0.0,0.0,0.0,0.0,0.0,32767.0,-20192.0,6655.0,-1.0,-1.0,-1.0
420,1518661930238,0.0,0.0,0.0,0.0,0.0,0.0,0.0,0.0,32767.0,-20192.0,6655.0,-1.0,-1.0,-1.0
421,1518661930302,0.0,0.0,0.0,0.0,0.0,0.0,0.0,0.0,32767.0,-20192.0,6655.0,-1.0,-1.0,-1.0
422,1518661930382,0.0,0.0,0.0,0.0,0.0,0.0,0.0,0.0,32767.0,-20192.0,6655.0,-1.0,-1.0,-1.0
423,1518661930445,0.0,0.0,0.0,0.0,0.0,0.0,0.0,0.0,32767.0,-20192.0,6655.0,-1.0,-1.0,-1.0
424,1518661930525,0.0,0.0,0.0,0.0,0.0,0.0,0.0,0.0,32767.0,-20192.0,6655.0,-1.0,-1.0,-1.0
425,1518661930590,0.0,0.0,0.0,0.0,0.0,0.0,0.0,0.0,32767.0,-20192.0,6655.0,-1.0,-1.0,-1.0
426,1518661930670,0.0,0.0,0.0,0.0,0.0,0.0,0.0,0.0,32767.0,-20192.0,6655.0,-1.0,-1.0,-1.0
427,1518661930734,0.0,0.0,0.0,0.0,0.0,0.0,0.0,0.0,32767.0,-20192.0,6655.0,-1.0,-1.0,-1.0
428,1518661930813,0.0,0.0,0.0,0.0,0.0,0.0,0.0,0.0,32767.0,-20604.0,6204.0,-1573.0,3216.0,-3032.0
429,1518661930894,0.0,0.0,0.0,0.0,0.0,0.0,0.0,0.0,32624.0,-23064.0,7012.0,-2689.0,-812.0,230.0
430,1518661930958,0.0,0.0,0.0,0.0,0.0,0.0,0.0,0.0,32767.0,-18228.0,6240.0,5241.0,-296.0,7153.0
431,1518661931038,0.0,0.0,0.0,0.0,0.0,0.0,0.0,0.0,32767.0,-17324.0,4656.0,13583.0,4843.0,24003.0
432,1518661931118,0.0,0.0,0.0,0.0,0.0,0.0,0.0,0.0,32767.0,-14408.0,8372.0,-14589.0,10641.0,5313.0
433,1518661931198,0.0,0.0,0.0,0.0,0.0,0.0,0.0,0.0,28844.0,-14660.0,7912.0,-2647.0,4530.0,-1071.0
434,1518661931278,0.0,0.0,0.0,0.0,0.0,0.0,0.0,0.0,30392.0,-17924.0,4644.0,1548.0,254.0,635.0
435,1518661931358,0.0,0.0,0.0,0.0,0.0,0.0,0.0,0.0,29944.0,-18964.0,3400.0,-675.0,-4026.0,3415.0
436,1518661931438,0.0,0.0,0.0,0.0,0.0,0.0,0.0,0.0,29580.0,-16116.0,2784.0,5034.0,-7153.0,655.0
437,1518661931518,0.0,0.0,0.0,0.0,0.0,0.0,0.0,0.0,32767.0,-17124.0,5796.0,-3898.0,-5478.0,-558.0
438,1518661931582,0.0,0.0,0.0,0.0,0.0,0.0,0.0,0.0,32767.0,-17452.0,7039.0,-1.0,-1.0,-1.0
439,1518661931646,0.0,0.0,0.0,0.0,0.0,0.0,0.0,0.0,32767.0,-17452.0,7039.0,-1.0,-1.0,-1.0
440,1518661931726,0.0,0.0,0.0,0.0,0.0,0.0,0.0,0.0,32767.0,-17452.0,7039.0,-1.0,-1.0,-1.0
441,1518661931806,0.0,0.0,0.0,0.0,0.0,0.0,0.0,0.0,32767.0,-16688.0,6708.0,-9949.0,8604.0,-1846.0
442,1518661931886,0.0,0.0,0.0,0.0,0.0,0.0,0.0,0.0,30468.0,-19460.0,5028.0,-1924.0,1299.0,1294.0
443,1518661931951,0.0,0.0,0.0,0.0,0.0,0.0,0.0,0.0,32767.0,-19652.0,4952.0,-1265.0,1648.0,411.0
444,1518661932030,0.0,0.0,0.0,0.0,0.0,0.0,0.0,0.0,31324.0,-19828.0,4992.0,-156.0,3223.0,-351.0
445,1518661932110,0.0,0.0,0.0,0.0,0.0,0.0,0.0,0.0,30792.0,-18752.0,5280.0,-757.0,743.0,-326.0
446,1518661932190,0.0,0.0,0.0,0.0,0.0,0.0,0.0,0.0,31428.0,-18864.0,5160.0,-780.0,-229.0,681.0
447,1518661932254,0.0,0.0,0.0,0.0,0.0,0.0,0.0,0.0,31952.0,-19688.0,4568.0,-1908.0,165.0,-4.0
448,1518661932334,0.0,0.0,0.0,0.0,0.0,0.0,0.0,0.0,30544.0,-19868.0,4788.0,-3390.0,-1391.0,-146.0
449,1518661932415,0.0,0.0,0.0,0.0,0.0,0.0,0.0,0.0,32588.0,-20192.0,4576.0,-1914.0,-1907.0,1257.0
450,1518661932494,0.0,0.0,0.0,0.0,0.0,0.0,0.0,0.0,31004.0,-20396.0,4500.0,-2006.0,517.0,820.0
451,1518661932574,0.0,0.0,0.0,0.0,0.0,0.0,0.0,0.0,31732.0,-19948.0,5020.0,-657.0,1326.0,136.0
452,1518661932654,0.0,0.0,0.0,0.0,0.0,0.0,0.0,0.0,31320.0,-20648.0,4124.0,-1932.0,-215.0,-1550.0
453,1518661932719,0.0,0.0,0.0,0.0,0.0,0.0,0.0,0.0,32288.0,-20740.0,4480.0,218.0,1060.0,-195.0
454,1518661932798,0.0,0.0,0.0,0.0,0.0,0.0,0.0,0.0,31028.0,-20452.0,7711.0,-1.0,-1.0,-1.0
455,1518661932862,0.0,0.0,0.0,0.0,0.0,0.0,0.0,0.0,31028.0,-20452.0,7711.0,-1.0,-1.0,-1.0
456,1518661932943,0.0,0.0,0.0,0.0,0.0,0.0,0.0,0.0,31028.0,-20452.0,7711.0,-1.0,-1.0,-1.0
457,1518661933006,0.0,0.0,0.0,0.0,0.0,0.0,0.0,0.0,31028.0,-20452.0,7711.0,-1.0,-1.0,-1.0
458,1518661933070,0.0,0.0,0.0,0.0,0.0,0.0,0.0,0.0,31028.0,-20452.0,7711.0,-1.0,-1.0,-1.0
459,1518661933151,0.0,0.0,0.0,0.0,0.0,0.0,0.0,0.0,31028.0,-20452.0,7711.0,-1.0,-1.0,-1.0
460,1518661933215,0.0,0.0,0.0,0.0,0.0,0.0,0.0,0.0,31028.0,-20452.0,7711.0,-1.0,-1.0,-1.0
461,1518661933295,0.0,0.0,0.0,0.0,0.0,0.0,0.0,0.0,31028.0,-20452.0,7711.0,-1.0,-1.0,-1.0
462,1518661933359,0.0,0.0,0.0,0.0,0.0,0.0,0.0,0.0,31028.0,-20452.0,7711.0,-1.0,-1.0,-1.0
463,1518661933439,0.0,0.0,0.0,0.0,0.0,0.0,0.0,0.0,31028.0,-20452.0,7711.0,-1.0,-1.0,-1.0
464,1518661933503,0.0,0.0,0.0,0.0,0.0,0.0,0.0,0.0,31028.0,-20452.0,7711.0,-1.0,-1.0,-1.0
465,1518661933567,0.0,0.0,0.0,0.0,0.0,0.0,0.0,0.0,31028.0,-20452.0,7711.0,-1.0,-1.0,-1.0
466,1518661933647,0.0,0.0,0.0,0.0,0.0,0.0,0.0,0.0,31028.0,-20452.0,7711.0,-1.0,-1.0,-1.0
467,1518661933711,0.0,0.0,0.0,0.0,0.0,0.0,0.0,0.0,31028.0,-20452.0,7711.0,-1.0,-1.0,-1.0
468,1518661933791,0.0,0.0,0.0,0.0,0.0,0.0,0.0,0.0,31028.0,-20452.0,7711.0,-1.0,-1.0,-1.0
469,1518661933855,0.0,0.0,0.0,0.0,0.0,0.0,0.0,0.0,31028.0,-20452.0,7711.0,-1.0,-1.0,-1.0
470,1518661933919,0.0,0.0,0.0,0.0,0.0,0.0,0.0,0.0,31028.0,-20452.0,7711.0,-1.0,-1.0,-1.0
471,1518661933999,0.0,0.0,0.0,0.0,0.0,0.0,0.0,0.0,31028.0,-20452.0,7711.0,-1.0,-1.0,-1.0
472,1518661934063,0.0,0.0,0.0,0.0,0.0,0.0,0.0,0.0,31028.0,-20452.0,7711.0,-1.0,-1.0,-1.0
473,1518661934143,0.0,0.0,0.0,0.0,0.0,0.0,0.0,0.0,31028.0,-20452.0,7711.0,-1.0,-1.0,-1.0
474,1518661934207,0.0,0.0,0.0,0.0,0.0,0.0,0.0,0.0,31028.0,-20452.0,7711.0,-1.0,-1.0,-1.0
475,1518661934287,0.0,0.0,0.0,0.0,0.0,0.0,0.0,0.0,31028.0,-20452.0,7711.0,-1.0,-1.0,-1.0
476,1518661934351,0.0,0.0,0.0,0.0,0.0,0.0,0.0,0.0,31028.0,-20452.0,7711.0,-1.0,-1.0,-1.0
477,1518661934415,0.0,0.0,0.0,0.0,0.0,0.0,0.0,0.0,31028.0,-20452.0,7711.0,-1.0,-1.0,-1.0
478,1518661934495,0.0,0.0,0.0,0.0,0.0,0.0,0.0,0.0,31028.0,-20452.0,7711.0,-1.0,-1.0,-1.0
479,1518661934559,0.0,0.0,0.0,0.0,0.0,0.0,0.0,0.0,31028.0,-20452.0,7711.0,-1.0,-1.0,-1.0
480,1518661934639,0.0,0.0,0.0,0.0,0.0,0.0,0.0,0.0,31028.0,-20452.0,7711.0,-1.0,-1.0,-1.0
481,1518661934703,0.0,0.0,0.0,0.0,0.0,0.0,0.0,0.0,31028.0,-20452.0,7711.0,-1.0,-1.0,-1.0
482,1518661934768,0.0,0.0,0.0,0.0,0.0,0.0,0.0,0.0,31028.0,-20452.0,7711.0,-1.0,-1.0,-1.0
483,1518661934847,0.0,0.0,0.0,0.0,0.0,0.0,0.0,0.0,31028.0,-20452.0,7711.0,-1.0,-1.0,-1.0
484,1518661934911,0.0,0.0,0.0,0.0,0.0,0.0,0.0,0.0,31028.0,-20452.0,7711.0,-1.0,-1.0,-1.0
485,1518661934991,0.0,0.0,0.0,0.0,0.0,0.0,0.0,0.0,31028.0,-20452.0,7711.0,-1.0,-1.0,-1.0
486,1518661935055,0.0,0.0,0.0,0.0,0.0,0.0,0.0,0.0,31028.0,-20452.0,7711.0,-1.0,-1.0,-1.0
487,1518661935119,0.0,0.0,0.0,0.0,0.0,0.0,0.0,0.0,31028.0,-20452.0,7711.0,-1.0,-1.0,-1.0
488,1518661935200,0.0,0.0,0.0,0.0,0.0,0.0,0.0,0.0,31028.0,-20452.0,7711.0,-1.0,-1.0,-1.0
489,1518661935263,0.0,0.0,0.0,0.0,0.0,0.0,0.0,0.0,31028.0,-20452.0,7711.0,-1.0,-1.0,-1.0
490,1518661935344,0.0,0.0,0.0,0.0,0.0,0.0,0.0,0.0,31028.0,-20452.0,7711.0,-1.0,-1.0,-1.0
491,1518661935408,0.0,0.0,0.0,0.0,0.0,0.0,0.0,0.0,31028.0,-20452.0,7711.0,-1.0,-1.0,-1.0
492,1518661935488,0.0,0.0,0.0,0.0,0.0,0.0,0.0,0.0,31028.0,-20452.0,7711.0,-1.0,-1.0,-1.0
493,1518661935552,0.0,0.0,0.0,0.0,0.0,0.0,0.0,0.0,31028.0,-20452.0,7711.0,-1.0,-1.0,-1.0
494,1518661935616,0.0,0.0,0.0,0.0,0.0,0.0,0.0,0.0,31028.0,-20452.0,7711.0,-1.0,-1.0,-1.0
495,1518661935696,0.0,0.0,0.0,0.0,0.0,0.0,0.0,0.0,31028.0,-20452.0,7711.0,-1.0,-1.0,-1.0
496,1518661935760,0.0,0.0,0.0,0.0,0.0,0.0,0.0,0.0,31028.0,-20452.0,7711.0,-1.0,-1.0,-1.0
497,1518661935840,0.0,0.0,0.0,0.0,0.0,0.0,0.0,0.0,31028.0,-20452.0,7711.0,-1.0,-1.0,-1.0
498,1518661935904,0.0,0.0,0.0,0.0,0.0,0.0,0.0,0.0,31028.0,-20452.0,7711.0,-1.0,-1.0,-1.0
499,1518661935968,0.0,0.0,0.0,0.0,0.0,0.0,0.0,0.0,31028.0,-20452.0,7711.0,-1.0,-1.0,-1.0
500,1518661936048,0.0,0.0,0.0,0.0,0.0,0.0,0.0,0.0,31028.0,-20452.0,7711.0,-1.0,-1.0,-1.0
501,1518661936112,0.0,0.0,0.0,0.0,0.0,0.0,0.0,0.0,31028.0,-20452.0,7711.0,-1.0,-1.0,-1.0
502,1518661936192,0.0,0.0,0.0,0.0,0.0,0.0,0.0,0.0,31028.0,-20452.0,7711.0,-1.0,-1.0,-1.0
503,1518661936256,0.0,0.0,0.0,0.0,0.0,0.0,0.0,0.0,31028.0,-20452.0,7711.0,-1.0,-1.0,-1.0
504,1518661936336,0.0,0.0,0.0,0.0,0.0,0.0,0.0,0.0,31028.0,-20452.0,7711.0,-1.0,-1.0,-1.0
505,1518661936400,0.0,0.0,0.0,0.0,0.0,0.0,0.0,0.0,31028.0,-20452.0,7711.0,-1.0,-1.0,-1.0
506,1518661936464,0.0,0.0,0.0,0.0,0.0,0.0,0.0,0.0,31028.0,-20452.0,7711.0,-1.0,-1.0,-1.0
507,1518661936544,0.0,0.0,0.0,0.0,0.0,0.0,0.0,0.0,31028.0,-20452.0,7711.0,-1.0,-1.0,-1.0
508,1518661936608,0.0,0.0,0.0,0.0,0.0,0.0,0.0,0.0,31028.0,-20452.0,7711.0,-1.0,-1.0,-1.0
509,1518661936688,0.0,0.0,0.0,0.0,0.0,0.0,0.0,0.0,31028.0,-20452.0,7711.0,-1.0,-1.0,-1.0
510,1518661936752,0.0,0.0,0.0,0.0,0.0,0.0,0.0,0.0,31028.0,-20452.0,7711.0,-1.0,-1.0,-1.0
511,1518661936817,0.0,0.0,0.0,0.0,0.0,0.0,0.0,0.0,31028.0,-20452.0,7711.0,-1.0,-1.0,-1.0
512,1518661936896,0.0,0.0,0.0,0.0,0.0,0.0,0.0,0.0,31028.0,-20452.0,7711.0,-1.0,-1.0,-1.0
513,1518661936960,0.0,0.0,0.0,0.0,0.0,0.0,0.0,0.0,31028.0,-20452.0,7711.0,-1.0,-1.0,-1.0
514,1518661937040,0.0,0.0,0.0,0.0,0.0,0.0,0.0,0.0,31028.0,-20452.0,7711.0,-1.0,-1.0,-1.0
515,1518661937104,0.0,0.0,0.0,0.0,0.0,0.0,0.0,0.0,31028.0,-20452.0,7711.0,-1.0,-1.0,-1.0
516,1518661937169,0.0,0.0,0.0,0.0,0.0,0.0,0.0,0.0,31028.0,-20452.0,7711.0,-1.0,-1.0,-1.0
517,1518661937248,0.0,0.0,0.0,0.0,0.0,0.0,0.0,0.0,31028.0,-20452.0,7711.0,-1.0,-1.0,-1.0
518,1518661937312,0.0,0.0,0.0,0.0,0.0,0.0,0.0,0.0,31028.0,-20452.0,7711.0,-1.0,-1.0,-1.0
519,1518661937392,0.0,0.0,0.0,0.0,0.0,0.0,0.0,0.0,31028.0,-20452.0,7711.0,-1.0,-1.0,-1.0
520,1518661937456,0.0,0.0,0.0,0.0,0.0,0.0,0.0,0.0,31028.0,-20452.0,7711.0,-1.0,-1.0,-1.0
521,1518661937537,0.0,0.0,0.0,0.0,0.0,0.0,0.0,0.0,31028.0,-20452.0,7711.0,-1.0,-1.0,-1.0
522,1518661937601,0.0,0.0,0.0,0.0,0.0,0.0,0.0,0.0,31028.0,-20452.0,7711.0,-1.0,-1.0,-1.0
523,1518661937665,0.0,0.0,0.0,0.0,0.0,0.0,0.0,0.0,31028.0,-20452.0,7711.0,-1.0,-1.0,-1.0
524,1518661937745,0.0,0.0,0.0,0.0,0.0,0.0,0.0,0.0,31028.0,-20452.0,7711.0,-1.0,-1.0,-1.0
525,1518661937809,0.0,0.0,0.0,0.0,0.0,0.0,0.0,0.0,31028.0,-20452.0,7711.0,-1.0,-1.0,-1.0
526,1518661937889,0.0,0.0,0.0,0.0,0.0,0.0,0.0,0.0,31028.0,-20452.0,7711.0,-1.0,-1.0,-1.0
527,1518661937953,0.0,0.0,0.0,0.0,0.0,0.0,0.0,0.0,31028.0,-20452.0,7711.0,-1.0,-1.0,-1.0
528,1518661938017,0.0,0.0,0.0,0.0,0.0,0.0,0.0,0.0,31028.0,-20452.0,7711.0,-1.0,-1.0,-1.0
529,1518661938097,0.0,0.0,0.0,0.0,0.0,0.0,0.0,0.0,31028.0,-20452.0,7711.0,-1.0,-1.0,-1.0
530,1518661938161,0.0,0.0,0.0,0.0,0.0,0.0,0.0,0.0,31028.0,-20452.0,7711.0,-1.0,-1.0,-1.0
531,1518661938241,0.0,0.0,0.0,0.0,0.0,0.0,0.0,0.0,31028.0,-20452.0,7711.0,-1.0,-1.0,-1.0
532,1518661938305,0.0,0.0,0.0,0.0,0.0,0.0,0.0,0.0,31028.0,-20452.0,7711.0,-1.0,-1.0,-1.0
533,1518661938385,0.0,0.0,0.0,0.0,0.0,0.0,0.0,0.0,31028.0,-20452.0,7711.0,-1.0,-1.0,-1.0
534,1518661938449,0.0,0.0,0.0,0.0,0.0,0.0,0.0,0.0,31028.0,-20452.0,7711.0,-1.0,-1.0,-1.0
535,1518661938513,0.0,0.0,0.0,0.0,0.0,0.0,0.0,0.0,31028.0,-20452.0,7711.0,-1.0,-1.0,-1.0
536,1518661938593,0.0,0.0,0.0,0.0,0.0,0.0,0.0,0.0,31028.0,-20452.0,7711.0,-1.0,-1.0,-1.0
537,1518661938657,0.0,0.0,0.0,0.0,0.0,0.0,0.0,0.0,31028.0,-20452.0,7711.0,-1.0,-1.0,-1.0
538,1518661938737,0.0,0.0,0.0,0.0,0.0,0.0,0.0,0.0,31028.0,-20452.0,7711.0,-1.0,-1.0,-1.0
539,1518661938801,0.0,0.0,0.0,0.0,0.0,0.0,0.0,0.0,31028.0,-20452.0,7711.0,-1.0,-1.0,-1.0
540,1518661938865,0.0,0.0,0.0,0.0,0.0,0.0,0.0,0.0,31028.0,-20452.0,7711.0,-1.0,-1.0,-1.0
541,1518661938945,0.0,0.0,0.0,0.0,0.0,0.0,0.0,0.0,31028.0,-20452.0,7711.0,-1.0,-1.0,-1.0
542,1518661939009,0.0,0.0,0.0,0.0,0.0,0.0,0.0,0.0,31028.0,-20452.0,7711.0,-1.0,-1.0,-1.0
543,1518661939089,0.0,0.0,0.0,0.0,0.0,0.0,0.0,0.0,31028.0,-20452.0,7711.0,-1.0,-1.0,-1.0
544,1518661939153,0.0,0.0,0.0,0.0,0.0,0.0,0.0,0.0,31028.0,-20452.0,7711.0,-1.0,-1.0,-1.0
545,1518661939218,0.0,0.0,0.0,0.0,0.0,0.0,0.0,0.0,31028.0,-20452.0,7711.0,-1.0,-1.0,-1.0
546,1518661939297,0.0,0.0,0.0,0.0,0.0,0.0,0.0,0.0,31028.0,-20452.0,7711.0,-1.0,-1.0,-1.0
547,1518661939361,0.0,0.0,0.0,0.0,0.0,0.0,0.0,0.0,31028.0,-20452.0,7711.0,-1.0,-1.0,-1.0
548,1518661939441,0.0,0.0,0.0,0.0,0.0,0.0,0.0,0.0,31028.0,-20452.0,7711.0,-1.0,-1.0,-1.0
549,1518661939505,0.0,0.0,0.0,0.0,0.0,0.0,0.0,0.0,31028.0,-20452.0,7711.0,-1.0,-1.0,-1.0
550,1518661939585,0.0,0.0,0.0,0.0,0.0,0.0,0.0,0.0,31028.0,-20452.0,7711.0,-1.0,-1.0,-1.0
551,1518661939649,0.0,0.0,0.0,0.0,0.0,0.0,0.0,0.0,31028.0,-20452.0,7711.0,-1.0,-1.0,-1.0
552,1518661939713,0.0,0.0,0.0,0.0,0.0,0.0,0.0,0.0,31028.0,-20452.0,7711.0,-1.0,-1.0,-1.0
553,1518661939794,0.0,0.0,0.0,0.0,0.0,0.0,0.0,0.0,31028.0,-20452.0,7711.0,-1.0,-1.0,-1.0
554,1518661939858,0.0,0.0,0.0,0.0,0.0,0.0,0.0,0.0,31028.0,-20452.0,7711.0,-1.0,-1.0,-1.0
555,1518661939938,0.0,0.0,0.0,0.0,0.0,0.0,0.0,0.0,31028.0,-20452.0,7711.0,-1.0,-1.0,-1.0
556,1518661940002,0.0,0.0,0.0,0.0,0.0,0.0,0.0,0.0,31028.0,-20452.0,7711.0,-1.0,-1.0,-1.0
557,1518661940066,0.0,0.0,0.0,0.0,0.0,0.0,0.0,0.0,31028.0,-20452.0,7711.0,-1.0,-1.0,-1.0
558,1518661940146,0.0,0.0,0.0,0.0,0.0,0.0,0.0,0.0,31028.0,-20452.0,7711.0,-1.0,-1.0,-1.0
559,1518661940210,0.0,0.0,0.0,0.0,0.0,0.0,0.0,0.0,31028.0,-20452.0,7711.0,-1.0,-1.0,-1.0
560,1518661940290,0.0,0.0,0.0,0.0,0.0,0.0,0.0,0.0,31028.0,-20452.0,7711.0,-1.0,-1.0,-1.0
561,1518661940354,0.0,0.0,0.0,0.0,0.0,0.0,0.0,0.0,31028.0,-20452.0,7711.0,-1.0,-1.0,-1.0
562,1518661940434,0.0,0.0,0.0,0.0,0.0,0.0,0.0,0.0,31028.0,-20452.0,7711.0,-1.0,-1.0,-1.0
563,1518661940498,0.0,0.0,0.0,0.0,0.0,0.0,0.0,0.0,31028.0,-20452.0,7711.0,-1.0,-1.0,-1.0
564,1518661940562,0.0,0.0,0.0,0.0,0.0,0.0,0.0,0.0,31028.0,-20452.0,7711.0,-1.0,-1.0,-1.0
565,1518661940642,0.0,0.0,0.0,0.0,0.0,0.0,0.0,0.0,31028.0,-20452.0,7711.0,-1.0,-1.0,-1.0
566,1518661940706,0.0,0.0,0.0,0.0,0.0,0.0,0.0,0.0,31028.0,-20452.0,7711.0,-1.0,-1.0,-1.0
567,1518661940786,0.0,0.0,0.0,0.0,0.0,0.0,0.0,0.0,31028.0,-20452.0,7711.0,-1.0,-1.0,-1.0
568,1518661940850,0.0,0.0,0.0,0.0,0.0,0.0,0.0,0.0,31028.0,-20452.0,7711.0,-1.0,-1.0,-1.0
569,1518661940914,0.0,0.0,0.0,0.0,0.0,0.0,0.0,0.0,31028.0,-20452.0,7711.0,-1.0,-1.0,-1.0
570,1518661940994,0.0,0.0,0.0,0.0,0.0,0.0,0.0,0.0,31028.0,-20452.0,7711.0,-1.0,-1.0,-1.0
571,1518661941058,0.0,0.0,0.0,0.0,0.0,0.0,0.0,0.0,31028.0,-20452.0,7711.0,-1.0,-1.0,-1.0
572,1518661941138,0.0,0.0,0.0,0.0,0.0,0.0,0.0,0.0,31028.0,-20452.0,7711.0,-1.0,-1.0,-1.0
573,1518661941202,0.0,0.0,0.0,0.0,0.0,0.0,0.0,0.0,31028.0,-20452.0,7711.0,-1.0,-1.0,-1.0
574,1518661941266,0.0,0.0,0.0,0.0,0.0,0.0,0.0,0.0,31028.0,-20452.0,7711.0,-1.0,-1.0,-1.0
575,1518661941346,0.0,0.0,0.0,0.0,0.0,0.0,0.0,0.0,31028.0,-20452.0,7711.0,-1.0,-1.0,-1.0
576,1518661941410,0.0,0.0,0.0,0.0,0.0,0.0,0.0,0.0,31028.0,-20452.0,7711.0,-1.0,-1.0,-1.0
577,1518661941490,0.0,0.0,0.0,0.0,0.0,0.0,0.0,0.0,31028.0,-20452.0,7711.0,-1.0,-1.0,-1.0
578,1518661941554,0.0,0.0,0.0,0.0,0.0,0.0,0.0,0.0,31028.0,-20452.0,7711.0,-1.0,-1.0,-1.0
579,1518661941635,0.0,0.0,0.0,0.0,0.0,0.0,0.0,0.0,31028.0,-20452.0,7711.0,-1.0,-1.0,-1.0
580,1518661941698,0.0,0.0,0.0,0.0,0.0,0.0,0.0,0.0,31028.0,-20452.0,7711.0,-1.0,-1.0,-1.0
581,1518661941762,0.0,0.0,0.0,0.0,0.0,0.0,0.0,0.0,31028.0,-20452.0,7711.0,-1.0,-1.0,-1.0
582,1518661941842,0.0,0.0,0.0,0.0,0.0,0.0,0.0,0.0,31028.0,-20452.0,7711.0,-1.0,-1.0,-1.0
583,1518661941906,0.0,0.0,0.0,0.0,0.0,0.0,0.0,0.0,31028.0,-20452.0,7711.0,-1.0,-1.0,-1.0
584,1518661941986,0.0,0.0,0.0,0.0,0.0,0.0,0.0,0.0,31028.0,-20452.0,7711.0,-1.0,-1.0,-1.0
585,1518661942050,0.0,0.0,0.0,0.0,0.0,0.0,0.0,0.0,31028.0,-20452.0,7711.0,-1.0,-1.0,-1.0
586,1518661942115,0.0,0.0,0.0,0.0,0.0,0.0,0.0,0.0,31028.0,-20452.0,7711.0,-1.0,-1.0,-1.0
587,1518661942195,0.0,0.0,0.0,0.0,0.0,0.0,0.0,0.0,31028.0,-20452.0,7711.0,-1.0,-1.0,-1.0
588,1518661942259,0.0,0.0,0.0,0.0,0.0,0.0,0.0,0.0,31028.0,-20452.0,7711.0,-1.0,-1.0,-1.0
589,1518661942339,0.0,0.0,0.0,0.0,0.0,0.0,0.0,0.0,31028.0,-20452.0,7711.0,-1.0,-1.0,-1.0
590,1518661942403,0.0,0.0,0.0,0.0,0.0,0.0,0.0,0.0,31028.0,-20452.0,7711.0,-1.0,-1.0,-1.0
591,1518661942483,0.0,0.0,0.0,0.0,0.0,0.0,0.0,0.0,31028.0,-20452.0,7711.0,-1.0,-1.0,-1.0
592,1518661942546,0.0,0.0,0.0,0.0,0.0,0.0,0.0,0.0,31028.0,-20452.0,7711.0,-1.0,-1.0,-1.0
593,1518661942610,0.0,0.0,0.0,0.0,0.0,0.0,0.0,0.0,31028.0,-20452.0,7711.0,-1.0,-1.0,-1.0
594,1518661942690,0.0,0.0,0.0,0.0,0.0,0.0,0.0,0.0,31028.0,-20452.0,7711.0,-1.0,-1.0,-1.0
595,1518661942755,0.0,0.0,0.0,0.0,0.0,0.0,0.0,0.0,31028.0,-20452.0,7711.0,-1.0,-1.0,-1.0
596,1518661942835,0.0,0.0,0.0,0.0,0.0,0.0,0.0,0.0,31028.0,-20452.0,7711.0,-1.0,-1.0,-1.0
597,1518661942899,0.0,0.0,0.0,0.0,0.0,0.0,0.0,0.0,31028.0,-20452.0,7711.0,-1.0,-1.0,-1.0
598,1518661942963,0.0,0.0,0.0,0.0,0.0,0.0,0.0,0.0,31028.0,-20452.0,7711.0,-1.0,-1.0,-1.0
599,1518661943043,0.0,0.0,0.0,0.0,0.0,0.0,0.0,0.0,31028.0,-20452.0,7711.0,-1.0,-1.0,-1.0
600,1518661943107,0.0,0.0,0.0,0.0,0.0,0.0,0.0,0.0,31028.0,-20452.0,7711.0,-1.0,-1.0,-1.0
601,1518661943187,0.0,0.0,0.0,0.0,0.0,0.0,0.0,0.0,31028.0,-20452.0,7711.0,-1.0,-1.0,-1.0
602,1518661943251,0.0,0.0,0.0,0.0,0.0,0.0,0.0,0.0,31028.0,-20452.0,7711.0,-1.0,-1.0,-1.0
603,1518661943315,0.0,0.0,0.0,0.0,0.0,0.0,0.0,0.0,31028.0,-20452.0,7711.0,-1.0,-1.0,-1.0
604,1518661943395,0.0,0.0,0.0,0.0,0.0,0.0,0.0,0.0,31028.0,-20452.0,7711.0,-1.0,-1.0,-1.0
605,1518661943459,0.0,0.0,0.0,0.0,0.0,0.0,0.0,0.0,31028.0,-20452.0,7711.0,-1.0,-1.0,-1.0
606,1518661943539,0.0,0.0,0.0,0.0,0.0,0.0,0.0,0.0,31028.0,-20452.0,7711.0,-1.0,-1.0,-1.0
607,1518661943603,0.0,0.0,0.0,0.0,0.0,0.0,0.0,0.0,31028.0,-20452.0,7711.0,-1.0,-1.0,-1.0
608,1518661943684,0.0,0.0,0.0,0.0,0.0,0.0,0.0,0.0,31028.0,-20452.0,7711.0,-1.0,-1.0,-1.0
609,1518661943747,0.0,0.0,0.0,0.0,0.0,0.0,0.0,0.0,31028.0,-20452.0,7711.0,-1.0,-1.0,-1.0
610,1518661943811,0.0,0.0,0.0,0.0,0.0,0.0,0.0,0.0,31028.0,-20452.0,7711.0,-1.0,-1.0,-1.0
611,1518661943891,0.0,0.0,0.0,0.0,0.0,0.0,0.0,0.0,31028.0,-20452.0,7711.0,-1.0,-1.0,-1.0
612,1518661943955,0.0,0.0,0.0,0.0,0.0,0.0,0.0,0.0,31028.0,-20452.0,7711.0,-1.0,-1.0,-1.0
613,1518661944035,0.0,0.0,0.0,0.0,0.0,0.0,0.0,0.0,31028.0,-20452.0,7711.0,-1.0,-1.0,-1.0
614,1518661944099,0.0,0.0,0.0,0.0,0.0,0.0,0.0,0.0,31028.0,-20452.0,7711.0,-1.0,-1.0,-1.0
615,1518661944163,0.0,0.0,0.0,0.0,0.0,0.0,0.0,0.0,31028.0,-20452.0,7711.0,-1.0,-1.0,-1.0
616,1518661944243,0.0,0.0,0.0,0.0,0.0,0.0,0.0,0.0,31028.0,-20452.0,7711.0,-1.0,-1.0,-1.0
617,1518661944308,0.0,0.0,0.0,0.0,0.0,0.0,0.0,0.0,31028.0,-20452.0,7711.0,-1.0,-1.0,-1.0
618,1518661944388,0.0,0.0,0.0,0.0,0.0,0.0,0.0,0.0,31028.0,-20452.0,7711.0,-1.0,-1.0,-1.0
619,1518661944452,0.0,0.0,0.0,0.0,0.0,0.0,0.0,0.0,31028.0,-20452.0,7711.0,-1.0,-1.0,-1.0
620,1518661944532,0.0,0.0,0.0,0.0,0.0,0.0,0.0,0.0,31028.0,-20452.0,7711.0,-1.0,-1.0,-1.0
621,1518661944595,0.0,0.0,0.0,0.0,0.0,0.0,0.0,0.0,31028.0,-20452.0,7711.0,-1.0,-1.0,-1.0
622,1518661944659,0.0,0.0,0.0,0.0,0.0,0.0,0.0,0.0,31028.0,-20452.0,7711.0,-1.0,-1.0,-1.0
623,1518661944740,0.0,0.0,0.0,0.0,0.0,0.0,0.0,0.0,31028.0,-20452.0,7711.0,-1.0,-1.0,-1.0
624,1518661944804,0.0,0.0,0.0,0.0,0.0,0.0,0.0,0.0,31028.0,-20452.0,7711.0,-1.0,-1.0,-1.0
625,1518661944884,0.0,0.0,0.0,0.0,0.0,0.0,0.0,0.0,31028.0,-20452.0,7711.0,-1.0,-1.0,-1.0
626,1518661944948,0.0,0.0,0.0,0.0,0.0,0.0,0.0,0.0,31028.0,-20452.0,7711.0,-1.0,-1.0,-1.0
627,1518661945012,0.0,0.0,0.0,0.0,0.0,0.0,0.0,0.0,31028.0,-20452.0,7711.0,-1.0,-1.0,-1.0
628,1518661945092,0.0,0.0,0.0,0.0,0.0,0.0,0.0,0.0,31028.0,-20452.0,7711.0,-1.0,-1.0,-1.0
629,1518661945156,0.0,0.0,0.0,0.0,0.0,0.0,0.0,0.0,31028.0,-20452.0,7711.0,-1.0,-1.0,-1.0
630,1518661945236,0.0,0.0,0.0,0.0,0.0,0.0,0.0,0.0,31028.0,-20452.0,7711.0,-1.0,-1.0,-1.0
631,1518661945300,0.0,0.0,0.0,0.0,0.0,0.0,0.0,0.0,31028.0,-20452.0,7711.0,-1.0,-1.0,-1.0
632,1518661945364,0.0,0.0,0.0,0.0,0.0,0.0,0.0,0.0,31028.0,-20452.0,7711.0,-1.0,-1.0,-1.0
633,1518661945444,0.0,0.0,0.0,0.0,0.0,0.0,0.0,0.0,31028.0,-20452.0,7711.0,-1.0,-1.0,-1.0
634,1518661945508,0.0,0.0,0.0,0.0,0.0,0.0,0.0,0.0,31028.0,-20452.0,7711.0,-1.0,-1.0,-1.0
635,1518661945588,0.0,0.0,0.0,0.0,0.0,0.0,0.0,0.0,31028.0,-20452.0,7711.0,-1.0,-1.0,-1.0
636,1518661945652,0.0,0.0,0.0,0.0,0.0,0.0,0.0,0.0,31028.0,-20452.0,7711.0,-1.0,-1.0,-1.0
637,1518661945732,0.0,0.0,0.0,0.0,0.0,0.0,0.0,0.0,31028.0,-20452.0,7711.0,-1.0,-1.0,-1.0
638,1518661945796,0.0,0.0,0.0,0.0,0.0,0.0,0.0,0.0,31028.0,-20452.0,7711.0,-1.0,-1.0,-1.0
639,1518661945860,0.0,0.0,0.0,0.0,0.0,0.0,0.0,0.0,31028.0,-20452.0,7711.0,-1.0,-1.0,-1.0
640,1518661945940,0.0,0.0,0.0,0.0,0.0,0.0,0.0,0.0,31028.0,-20452.0,7711.0,-1.0,-1.0,-1.0
641,1518661946004,0.0,0.0,0.0,0.0,0.0,0.0,0.0,0.0,31028.0,-20452.0,7711.0,-1.0,-1.0,-1.0
642,1518661946084,0.0,0.0,0.0,0.0,0.0,0.0,0.0,0.0,31028.0,-20452.0,7711.0,-1.0,-1.0,-1.0
643,1518661946148,0.0,0.0,0.0,0.0,0.0,0.0,0.0,0.0,31028.0,-20452.0,7711.0,-1.0,-1.0,-1.0
644,1518661946212,0.0,0.0,0.0,0.0,0.0,0.0,0.0,0.0,31028.0,-20452.0,7711.0,-1.0,-1.0,-1.0
645,1518661946292,0.0,0.0,0.0,0.0,0.0,0.0,0.0,0.0,31028.0,-20452.0,7711.0,-1.0,-1.0,-1.0
646,1518661946357,0.0,0.0,0.0,0.0,0.0,0.0,0.0,0.0,31028.0,-20452.0,7711.0,-1.0,-1.0,-1.0
647,1518661946437,0.0,0.0,0.0,0.0,0.0,0.0,0.0,0.0,31028.0,-20452.0,7711.0,-1.0,-1.0,-1.0
648,1518661946501,0.0,0.0,0.0,0.0,0.0,0.0,0.0,0.0,31028.0,-20452.0,7711.0,-1.0,-1.0,-1.0
649,1518661946580,0.0,0.0,0.0,0.0,0.0,0.0,0.0,0.0,31028.0,-20452.0,7711.0,-1.0,-1.0,-1.0
650,1518661946644,0.0,0.0,0.0,0.0,0.0,0.0,0.0,0.0,31028.0,-20452.0,7711.0,-1.0,-1.0,-1.0
651,1518661946708,0.0,0.0,0.0,0.0,0.0,0.0,0.0,0.0,31028.0,-20452.0,7711.0,-1.0,-1.0,-1.0
652,1518661946788,0.0,0.0,0.0,0.0,0.0,0.0,0.0,0.0,31028.0,-20452.0,7711.0,-1.0,-1.0,-1.0
653,1518661946853,0.0,0.0,0.0,0.0,0.0,0.0,0.0,0.0,31028.0,-20452.0,7711.0,-1.0,-1.0,-1.0
654,1518661946933,0.0,0.0,0.0,0.0,0.0,0.0,0.0,0.0,31028.0,-20452.0,7711.0,-1.0,-1.0,-1.0
655,1518661946996,0.0,0.0,0.0,0.0,0.0,0.0,0.0,0.0,31028.0,-20452.0,7711.0,-1.0,-1.0,-1.0
656,1518661947060,0.0,0.0,0.0,0.0,0.0,0.0,0.0,0.0,31028.0,-20452.0,7711.0,-1.0,-1.0,-1.0
657,1518661947141,0.0,0.0,0.0,0.0,0.0,0.0,0.0,0.0,31028.0,-20452.0,7711.0,-1.0,-1.0,-1.0
658,1518661947205,0.0,0.0,0.0,0.0,0.0,0.0,0.0,0.0,31028.0,-20452.0,7711.0,-1.0,-1.0,-1.0
659,1518661947285,0.0,0.0,0.0,0.0,0.0,0.0,0.0,0.0,31028.0,-20452.0,7711.0,-1.0,-1.0,-1.0
660,1518661947349,0.0,0.0,0.0,0.0,0.0,0.0,0.0,0.0,31028.0,-20452.0,7711.0,-1.0,-1.0,-1.0
661,1518661947413,0.0,0.0,0.0,0.0,0.0,0.0,0.0,0.0,31028.0,-20452.0,7711.0,-1.0,-1.0,-1.0
662,1518661947493,0.0,0.0,0.0,0.0,0.0,0.0,0.0,0.0,31028.0,-20452.0,7711.0,-1.0,-1.0,-1.0
663,1518661947557,0.0,0.0,0.0,0.0,0.0,0.0,0.0,0.0,31028.0,-20452.0,7711.0,-1.0,-1.0,-1.0
664,1518661947637,0.0,0.0,0.0,0.0,0.0,0.0,0.0,0.0,31028.0,-20452.0,7711.0,-1.0,-1.0,-1.0
665,1518661947701,0.0,0.0,0.0,0.0,0.0,0.0,0.0,0.0,31028.0,-20452.0,7711.0,-1.0,-1.0,-1.0
666,1518661947781,0.0,0.0,0.0,0.0,0.0,0.0,0.0,0.0,31028.0,-20452.0,7711.0,-1.0,-1.0,-1.0
667,1518661947845,0.0,0.0,0.0,0.0,0.0,0.0,0.0,0.0,31028.0,-20452.0,7711.0,-1.0,-1.0,-1.0
668,1518661947909,0.0,0.0,0.0,0.0,0.0,0.0,0.0,0.0,31028.0,-20452.0,7711.0,-1.0,-1.0,-1.0
669,1518661947989,0.0,0.0,0.0,0.0,0.0,0.0,0.0,0.0,31028.0,-20452.0,7711.0,-1.0,-1.0,-1.0
670,1518661948053,0.0,0.0,0.0,0.0,0.0,0.0,0.0,0.0,31028.0,-20452.0,7711.0,-1.0,-1.0,-1.0
671,1518661948133,0.0,0.0,0.0,0.0,0.0,0.0,0.0,0.0,31028.0,-20452.0,7711.0,-1.0,-1.0,-1.0
672,1518661948197,0.0,0.0,0.0,0.0,0.0,0.0,0.0,0.0,31028.0,-20452.0,7711.0,-1.0,-1.0,-1.0
673,1518661948261,0.0,0.0,0.0,0.0,0.0,0.0,0.0,0.0,31028.0,-20452.0,7711.0,-1.0,-1.0,-1.0
674,1518661948344,0.0,0.0,0.0,0.0,0.0,0.0,0.0,0.0,31028.0,-20452.0,7711.0,-1.0,-1.0,-1.0
675,1518661948405,0.0,0.0,0.0,0.0,0.0,0.0,0.0,0.0,31028.0,-20452.0,7711.0,-1.0,-1.0,-1.0
676,1518661948485,0.0,0.0,0.0,0.0,0.0,0.0,0.0,0.0,31028.0,-20452.0,7711.0,-1.0,-1.0,-1.0
677,1518661948549,0.0,0.0,0.0,0.0,0.0,0.0,0.0,0.0,31028.0,-20452.0,7711.0,-1.0,-1.0,-1.0
678,1518661948629,0.0,0.0,0.0,0.0,0.0,0.0,0.0,0.0,31028.0,-20452.0,7711.0,-1.0,-1.0,-1.0
679,1518661948693,0.0,0.0,0.0,0.0,0.0,0.0,0.0,0.0,31028.0,-20452.0,7711.0,-1.0,-1.0,-1.0
680,1518661948758,0.0,0.0,0.0,0.0,0.0,0.0,0.0,0.0,31028.0,-20452.0,7711.0,-1.0,-1.0,-1.0
681,1518661948837,0.0,0.0,0.0,0.0,0.0,0.0,0.0,0.0,31028.0,-20452.0,7711.0,-1.0,-1.0,-1.0
682,1518661948902,0.0,0.0,0.0,0.0,0.0,0.0,0.0,0.0,31028.0,-20452.0,7711.0,-1.0,-1.0,-1.0
683,1518661948981,0.0,0.0,0.0,0.0,0.0,0.0,0.0,0.0,31028.0,-20452.0,7711.0,-1.0,-1.0,-1.0
684,1518661949045,0.0,0.0,0.0,0.0,0.0,0.0,0.0,0.0,31028.0,-20452.0,7711.0,-1.0,-1.0,-1.0
685,1518661949109,0.0,0.0,0.0,0.0,0.0,0.0,0.0,0.0,31028.0,-20452.0,7711.0,-1.0,-1.0,-1.0
686,1518661949189,0.0,0.0,0.0,0.0,0.0,0.0,0.0,0.0,31028.0,-20452.0,7711.0,-1.0,-1.0,-1.0
687,1518661949254,0.0,0.0,0.0,0.0,0.0,0.0,0.0,0.0,31028.0,-20452.0,7711.0,-1.0,-1.0,-1.0
688,1518661949333,0.0,0.0,0.0,0.0,0.0,0.0,0.0,0.0,31028.0,-20452.0,7711.0,-1.0,-1.0,-1.0
689,1518661949398,0.0,0.0,0.0,0.0,0.0,0.0,0.0,0.0,31028.0,-20452.0,7711.0,-1.0,-1.0,-1.0
690,1518661949462,0.0,0.0,0.0,0.0,0.0,0.0,0.0,0.0,31028.0,-20452.0,7711.0,-1.0,-1.0,-1.0
691,1518661949542,0.0,0.0,0.0,0.0,0.0,0.0,0.0,0.0,31028.0,-20452.0,7711.0,-1.0,-1.0,-1.0
692,1518661949606,0.0,0.0,0.0,0.0,0.0,0.0,0.0,0.0,31028.0,-20452.0,7711.0,-1.0,-1.0,-1.0
693,1518661949686,0.0,0.0,0.0,0.0,0.0,0.0,0.0,0.0,31028.0,-20452.0,7711.0,-1.0,-1.0,-1.0
694,1518661949750,0.0,0.0,0.0,0.0,0.0,0.0,0.0,0.0,31028.0,-20452.0,7711.0,-1.0,-1.0,-1.0
695,1518661949829,0.0,0.0,0.0,0.0,0.0,0.0,0.0,0.0,31028.0,-20452.0,7711.0,-1.0,-1.0,-1.0
696,1518661949894,0.0,0.0,0.0,0.0,0.0,0.0,0.0,0.0,31028.0,-20452.0,7711.0,-1.0,-1.0,-1.0
697,1518661949958,0.0,0.0,0.0,0.0,0.0,0.0,0.0,0.0,31028.0,-20452.0,7711.0,-1.0,-1.0,-1.0
698,1518661950038,0.0,0.0,0.0,0.0,0.0,0.0,0.0,0.0,31028.0,-20452.0,7711.0,-1.0,-1.0,-1.0
699,1518661950102,0.0,0.0,0.0,0.0,0.0,0.0,0.0,0.0,31028.0,-20452.0,7711.0,-1.0,-1.0,-1.0
700,1518661950182,0.0,0.0,0.0,0.0,0.0,0.0,0.0,0.0,31028.0,-20452.0,7711.0,-1.0,-1.0,-1.0
701,1518661950246,0.0,0.0,0.0,0.0,0.0,0.0,0.0,0.0,31028.0,-20452.0,7711.0,-1.0,-1.0,-1.0
702,1518661950310,0.0,0.0,0.0,0.0,0.0,0.0,0.0,0.0,31028.0,-20452.0,7711.0,-1.0,-1.0,-1.0
703,1518661950390,0.0,0.0,0.0,0.0,0.0,0.0,0.0,0.0,31028.0,-20452.0,7711.0,-1.0,-1.0,-1.0
704,1518661950454,0.0,0.0,0.0,0.0,0.0,0.0,0.0,0.0,31028.0,-20452.0,7711.0,-1.0,-1.0,-1.0
705,1518661950534,0.0,0.0,0.0,0.0,0.0,0.0,0.0,0.0,31028.0,-20452.0,7711.0,-1.0,-1.0,-1.0
706,1518661950598,0.0,0.0,0.0,0.0,0.0,0.0,0.0,0.0,31028.0,-20452.0,7711.0,-1.0,-1.0,-1.0
707,1518661950678,0.0,0.0,0.0,0.0,0.0,0.0,0.0,0.0,31028.0,-20452.0,7711.0,-1.0,-1.0,-1.0
708,1518661950742,0.0,0.0,0.0,0.0,0.0,0.0,0.0,0.0,31028.0,-20452.0,7711.0,-1.0,-1.0,-1.0
709,1518661950822,0.0,0.0,0.0,0.0,0.0,0.0,0.0,0.0,31824.0,-23464.0,5296.0,-12533.0,-369.0,-2489.0
710,1518661950903,0.0,0.0,0.0,0.0,0.0,0.0,0.0,0.0,32767.0,-26076.0,2372.0,-6724.0,-2150.0,-2271.0
711,1518661950982,0.0,0.0,0.0,0.0,0.0,0.0,0.0,0.0,32767.0,-25268.0,1220.0,-11.0,407.0,411.0
712,1518661951046,0.0,0.0,0.0,0.0,0.0,0.0,0.0,0.0,32767.0,-25372.0,1816.0,4923.0,3044.0,2728.0
713,1518661951126,0.0,0.0,0.0,0.0,0.0,0.0,0.0,0.0,32724.0,-23612.0,2580.0,5697.0,3923.0,3592.0
714,1518661951207,0.0,0.0,0.0,0.0,0.0,0.0,0.0,0.0,30480.0,-23148.0,3168.0,7472.0,3194.0,3194.0
715,1518661951286,0.0,0.0,0.0,0.0,0.0,0.0,0.0,0.0,31612.0,-21640.0,4180.0,7960.0,1769.0,668.0
716,1518661951351,0.0,0.0,0.0,0.0,0.0,0.0,0.0,0.0,31612.0,-21640.0,4180.0,7960.0,1769.0,668.0
717,1518661951430,0.0,0.0,0.0,0.0,0.0,0.0,0.0,0.0,31612.0,-21640.0,4180.0,7960.0,1769.0,668.0
718,1518661951510,0.0,0.0,0.0,0.0,0.0,0.0,0.0,0.0,31612.0,-21640.0,4180.0,7960.0,1769.0,668.0
719,1518661951590,0.0,0.0,0.0,0.0,0.0,0.0,0.0,0.0,30032.0,-18144.0,4112.0,2395.0,-5022.0,3229.0
720,1518661951671,0.0,0.0,0.0,0.0,0.0,0.0,0.0,0.0,32620.0,-17716.0,4764.0,-123.0,-7022.0,2874.0
721,1518661951751,0.0,0.0,0.0,0.0,0.0,0.0,0.0,0.0,32767.0,-16672.0,7104.0,-3413.0,-3129.0,-1296.0
722,1518661951831,0.0,0.0,0.0,0.0,0.0,0.0,0.0,0.0,32767.0,-19416.0,6556.0,-2231.0,-1365.0,-1184.0
723,1518661951895,0.0,0.0,0.0,0.0,0.0,0.0,0.0,0.0,32767.0,-19308.0,5808.0,927.0,-489.0,-2079.0
724,1518661951975,0.0,0.0,0.0,0.0,0.0,0.0,0.0,0.0,32264.0,-19024.0,5080.0,2600.0,-1178.0,1633.0
725,1518661952055,0.0,0.0,0.0,0.0,0.0,0.0,0.0,0.0,32767.0,-17876.0,6056.0,1472.0,-787.0,1873.0
726,1518661952135,0.0,0.0,0.0,0.0,0.0,0.0,0.0,0.0,32767.0,-18172.0,5980.0,1017.0,925.0,3785.0
727,1518661952215,0.0,0.0,0.0,0.0,0.0,0.0,0.0,0.0,29476.0,-16832.0,7324.0,124.0,-623.0,6555.0
728,1518661952294,0.0,0.0,0.0,0.0,0.0,0.0,0.0,0.0,32767.0,-16500.0,6124.0,-2375.0,-3028.0,4395.0
729,1518661952359,0.0,0.0,0.0,0.0,0.0,0.0,0.0,0.0,32767.0,-15772.0,7248.0,3262.0,2919.0,1064.0
730,1518661952439,0.0,0.0,0.0,0.0,0.0,0.0,0.0,0.0,32767.0,-17020.0,6036.0,-3017.0,5961.0,580.0
731,1518661952519,0.0,0.0,0.0,0.0,0.0,0.0,0.0,0.0,32544.0,-16976.0,5232.0,806.0,5540.0,754.0
732,1518661952599,0.0,0.0,0.0,0.0,0.0,0.0,0.0,0.0,28084.0,-13452.0,7568.0,2520.0,1604.0,2434.0
733,1518661952663,0.0,0.0,0.0,0.0,0.0,0.0,0.0,0.0,31276.0,-14104.0,7212.0,908.0,1666.0,1247.0
734,1518661952743,0.0,0.0,0.0,0.0,0.0,0.0,0.0,0.0,31040.0,-15836.0,6636.0,4511.0,313.0,3980.0
735,1518661952823,0.0,0.0,0.0,0.0,0.0,0.0,0.0,0.0,31436.0,-14772.0,6176.0,5222.0,3990.0,1665.0
736,1518661952887,0.0,0.0,0.0,0.0,0.0,0.0,0.0,0.0,29328.0,-7530.0,-129.0,-1.0,-1.0,-1.0
737,1518661952967,0.0,0.0,0.0,0.0,0.0,0.0,0.0,0.0,29328.0,-7530.0,-129.0,-1.0,-1.0,-1.0
738,1518661953031,0.0,0.0,0.0,0.0,0.0,0.0,0.0,0.0,29328.0,-7530.0,-129.0,-1.0,-1.0,-1.0
739,1518661953095,0.0,0.0,0.0,0.0,0.0,0.0,0.0,0.0,29328.0,-7530.0,-129.0,-1.0,-1.0,-1.0
740,1518661953175,0.0,0.0,0.0,0.0,0.0,0.0,0.0,0.0,29328.0,-7530.0,-129.0,-1.0,-1.0,-1.0
741,1518661953239,0.0,0.0,0.0,0.0,0.0,0.0,0.0,0.0,29328.0,-7530.0,-129.0,-1.0,-1.0,-1.0
742,1518661953304,0.0,0.0,0.0,0.0,0.0,0.0,0.0,0.0,29328.0,-7530.0,-129.0,-1.0,-1.0,-1.0
743,1518661953384,0.0,0.0,0.0,0.0,0.0,0.0,0.0,0.0,29328.0,-7530.0,-129.0,-1.0,-1.0,-1.0
744,1518661953447,0.0,0.0,0.0,0.0,0.0,0.0,0.0,0.0,29328.0,-7530.0,-129.0,-1.0,-1.0,-1.0
745,1518661953511,0.0,0.0,0.0,0.0,0.0,0.0,0.0,0.0,29328.0,-7530.0,-129.0,-1.0,-1.0,-1.0
746,1518661953591,0.0,0.0,0.0,0.0,0.0,0.0,0.0,0.0,29328.0,-7530.0,-129.0,-1.0,-1.0,-1.0
747,1518661953655,0.0,0.0,0.0,0.0,0.0,0.0,0.0,0.0,29328.0,-7530.0,-129.0,-1.0,-1.0,-1.0
748,1518661953719,0.0,0.0,0.0,0.0,0.0,0.0,0.0,0.0,29328.0,-7530.0,-129.0,-1.0,-1.0,-1.0
749,1518661953800,0.0,0.0,0.0,0.0,0.0,0.0,0.0,0.0,29328.0,-7530.0,-129.0,-1.0,-1.0,-1.0
750,1518661953863,0.0,0.0,0.0,0.0,0.0,0.0,0.0,0.0,29328.0,-7530.0,-129.0,-1.0,-1.0,-1.0
751,1518661953928,0.0,0.0,0.0,0.0,0.0,0.0,0.0,0.0,29328.0,-7530.0,-129.0,-1.0,-1.0,-1.0
752,1518661954008,0.0,0.0,0.0,0.0,0.0,0.0,0.0,0.0,29328.0,-7530.0,-129.0,-1.0,-1.0,-1.0
753,1518661954072,0.0,0.0,0.0,0.0,0.0,0.0,0.0,0.0,29328.0,-7530.0,-129.0,-1.0,-1.0,-1.0
754,1518661954152,0.0,0.0,0.0,0.0,0.0,0.0,0.0,0.0,29328.0,-7530.0,-129.0,-1.0,-1.0,-1.0
755,1518661954216,0.0,0.0,0.0,0.0,0.0,0.0,0.0,0.0,29328.0,-7530.0,-129.0,-1.0,-1.0,-1.0
756,1518661954280,0.0,0.0,0.0,0.0,0.0,0.0,0.0,0.0,29328.0,-7530.0,-129.0,-1.0,-1.0,-1.0
757,1518661954359,0.0,0.0,0.0,0.0,0.0,0.0,0.0,0.0,29328.0,-7530.0,-129.0,-1.0,-1.0,-1.0
758,1518661954423,0.0,0.0,0.0,0.0,0.0,0.0,0.0,0.0,29328.0,-7530.0,-129.0,-1.0,-1.0,-1.0
759,1518661954488,0.0,0.0,0.0,0.0,0.0,0.0,0.0,0.0,29328.0,-7530.0,-129.0,-1.0,-1.0,-1.0
760,1518661954568,0.0,0.0,0.0,0.0,0.0,0.0,0.0,0.0,29328.0,-7530.0,-129.0,-1.0,-1.0,-1.0
761,1518661954632,0.0,0.0,0.0,0.0,0.0,0.0,0.0,0.0,29328.0,-7530.0,-129.0,-1.0,-1.0,-1.0
762,1518661954696,0.0,0.0,0.0,0.0,0.0,0.0,0.0,0.0,29328.0,-7530.0,-129.0,-1.0,-1.0,-1.0
763,1518661954776,0.0,0.0,0.0,0.0,0.0,0.0,0.0,0.0,29328.0,-7530.0,-129.0,-1.0,-1.0,-1.0
764,1518661954840,0.0,0.0,0.0,0.0,0.0,0.0,0.0,0.0,29328.0,-7530.0,-129.0,-1.0,-1.0,-1.0
765,1518661954904,0.0,0.0,0.0,0.0,0.0,0.0,0.0,0.0,29328.0,-7530.0,-129.0,-1.0,-1.0,-1.0
766,1518661954984,0.0,0.0,0.0,0.0,0.0,0.0,0.0,0.0,29328.0,-7530.0,-129.0,-1.0,-1.0,-1.0
767,1518661955048,0.0,0.0,0.0,0.0,0.0,0.0,0.0,0.0,29328.0,-7530.0,-129.0,-1.0,-1.0,-1.0
768,1518661955112,0.0,0.0,0.0,0.0,0.0,0.0,0.0,0.0,29328.0,-7530.0,-129.0,-1.0,-1.0,-1.0
769,1518661955192,0.0,0.0,0.0,0.0,0.0,0.0,0.0,0.0,29328.0,-7530.0,-129.0,-1.0,-1.0,-1.0
770,1518661955256,0.0,0.0,0.0,0.0,0.0,0.0,0.0,0.0,29328.0,-7530.0,-129.0,-1.0,-1.0,-1.0
771,1518661955320,0.0,0.0,0.0,0.0,0.0,0.0,0.0,0.0,29328.0,-7530.0,-129.0,-1.0,-1.0,-1.0
772,1518661955401,0.0,0.0,0.0,0.0,0.0,0.0,0.0,0.0,29328.0,-7530.0,-129.0,-1.0,-1.0,-1.0
773,1518661955464,0.0,0.0,0.0,0.0,0.0,0.0,0.0,0.0,29328.0,-7530.0,-129.0,-1.0,-1.0,-1.0
774,1518661955528,0.0,0.0,0.0,0.0,0.0,0.0,0.0,0.0,29328.0,-7530.0,-129.0,-1.0,-1.0,-1.0
775,1518661955608,0.0,0.0,0.0,0.0,0.0,0.0,0.0,0.0,29328.0,-7530.0,-129.0,-1.0,-1.0,-1.0
776,1518661955672,0.0,0.0,0.0,0.0,0.0,0.0,0.0,0.0,29328.0,-7530.0,-129.0,-1.0,-1.0,-1.0
777,1518661955752,0.0,0.0,0.0,0.0,0.0,0.0,0.0,0.0,29328.0,-7530.0,-129.0,-1.0,-1.0,-1.0
778,1518661955816,0.0,0.0,0.0,0.0,0.0,0.0,0.0,0.0,29328.0,-7530.0,-129.0,-1.0,-1.0,-1.0
779,1518661955880,0.0,0.0,0.0,0.0,0.0,0.0,0.0,0.0,29328.0,-7530.0,-129.0,-1.0,-1.0,-1.0
780,1518661955960,0.0,0.0,0.0,0.0,0.0,0.0,0.0,0.0,29328.0,-7530.0,-129.0,-1.0,-1.0,-1.0
781,1518661956024,0.0,0.0,0.0,0.0,0.0,0.0,0.0,0.0,29328.0,-7530.0,-129.0,-1.0,-1.0,-1.0
782,1518661956088,0.0,0.0,0.0,0.0,0.0,0.0,0.0,0.0,29328.0,-7530.0,-129.0,-1.0,-1.0,-1.0
783,1518661956169,0.0,0.0,0.0,0.0,0.0,0.0,0.0,0.0,29328.0,-7530.0,-129.0,-1.0,-1.0,-1.0
784,1518661956233,0.0,0.0,0.0,0.0,0.0,0.0,0.0,0.0,29328.0,-7530.0,-129.0,-1.0,-1.0,-1.0
785,1518661956297,0.0,0.0,0.0,0.0,0.0,0.0,0.0,0.0,29328.0,-7530.0,-129.0,-1.0,-1.0,-1.0
786,1518661956377,0.0,0.0,0.0,0.0,0.0,0.0,0.0,0.0,29328.0,-7530.0,-129.0,-1.0,-1.0,-1.0
787,1518661956441,0.0,0.0,0.0,0.0,0.0,0.0,0.0,0.0,29328.0,-7530.0,-129.0,-1.0,-1.0,-1.0
788,1518661956505,0.0,0.0,0.0,0.0,0.0,0.0,0.0,0.0,29328.0,-7530.0,-129.0,-1.0,-1.0,-1.0
789,1518661956585,0.0,0.0,0.0,0.0,0.0,0.0,0.0,0.0,29328.0,-7530.0,-129.0,-1.0,-1.0,-1.0
790,1518661956649,0.0,0.0,0.0,0.0,0.0,0.0,0.0,0.0,29328.0,-7530.0,-129.0,-1.0,-1.0,-1.0
791,1518661956712,0.0,0.0,0.0,0.0,0.0,0.0,0.0,0.0,29328.0,-7530.0,-129.0,-1.0,-1.0,-1.0
792,1518661956793,0.0,0.0,0.0,0.0,0.0,0.0,0.0,0.0,29328.0,-7530.0,-129.0,-1.0,-1.0,-1.0
793,1518661956856,0.0,0.0,0.0,0.0,0.0,0.0,0.0,0.0,29328.0,-7530.0,-129.0,-1.0,-1.0,-1.0
794,1518661956921,0.0,0.0,0.0,0.0,0.0,0.0,0.0,0.0,29328.0,-7530.0,-129.0,-1.0,-1.0,-1.0
795,1518661957001,0.0,0.0,0.0,0.0,0.0,0.0,0.0,0.0,29328.0,-7530.0,-129.0,-1.0,-1.0,-1.0
796,1518661957065,0.0,0.0,0.0,0.0,0.0,0.0,0.0,0.0,29328.0,-7530.0,-129.0,-1.0,-1.0,-1.0
797,1518661957145,0.0,0.0,0.0,0.0,0.0,0.0,0.0,0.0,29328.0,-7530.0,-129.0,-1.0,-1.0,-1.0
798,1518661957209,0.0,0.0,0.0,0.0,0.0,0.0,0.0,0.0,29328.0,-7530.0,-129.0,-1.0,-1.0,-1.0
799,1518661957273,0.0,0.0,0.0,0.0,0.0,0.0,0.0,0.0,29328.0,-7530.0,-129.0,-1.0,-1.0,-1.0
800,1518661957353,0.0,0.0,0.0,0.0,0.0,0.0,0.0,0.0,29328.0,-7530.0,-129.0,-1.0,-1.0,-1.0
801,1518661957417,0.0,0.0,0.0,0.0,0.0,0.0,0.0,0.0,29328.0,-7530.0,-129.0,-1.0,-1.0,-1.0
802,1518661957481,0.0,0.0,0.0,0.0,0.0,0.0,0.0,0.0,29328.0,-7530.0,-129.0,-1.0,-1.0,-1.0
803,1518661957561,0.0,0.0,0.0,0.0,0.0,0.0,0.0,0.0,29328.0,-7530.0,-129.0,-1.0,-1.0,-1.0
804,1518661957625,0.0,0.0,0.0,0.0,0.0,0.0,0.0,0.0,29328.0,-7530.0,-129.0,-1.0,-1.0,-1.0
805,1518661957690,0.0,0.0,0.0,0.0,0.0,0.0,0.0,0.0,29328.0,-7530.0,-129.0,-1.0,-1.0,-1.0
806,1518661957770,0.0,0.0,0.0,0.0,0.0,0.0,0.0,0.0,29328.0,-7530.0,-129.0,-1.0,-1.0,-1.0
807,1518661957834,0.0,0.0,0.0,0.0,0.0,0.0,0.0,0.0,29328.0,-7530.0,-129.0,-1.0,-1.0,-1.0
808,1518661957897,0.0,0.0,0.0,0.0,0.0,0.0,0.0,0.0,29328.0,-7530.0,-129.0,-1.0,-1.0,-1.0
809,1518661957977,0.0,0.0,0.0,0.0,0.0,0.0,0.0,0.0,29328.0,-7530.0,-129.0,-1.0,-1.0,-1.0
810,1518661958041,0.0,0.0,0.0,0.0,0.0,0.0,0.0,0.0,29328.0,-7530.0,-129.0,-1.0,-1.0,-1.0
811,1518661958105,0.0,0.0,0.0,0.0,0.0,0.0,0.0,0.0,29328.0,-7530.0,-129.0,-1.0,-1.0,-1.0
812,1518661958186,0.0,0.0,0.0,0.0,0.0,0.0,0.0,0.0,29328.0,-7530.0,-129.0,-1.0,-1.0,-1.0
813,1518661958250,0.0,0.0,0.0,0.0,0.0,0.0,0.0,0.0,29328.0,-7530.0,-129.0,-1.0,-1.0,-1.0
814,1518661958313,0.0,0.0,0.0,0.0,0.0,0.0,0.0,0.0,29328.0,-7530.0,-129.0,-1.0,-1.0,-1.0
815,1518661958394,0.0,0.0,0.0,0.0,0.0,0.0,0.0,0.0,29328.0,-7530.0,-129.0,-1.0,-1.0,-1.0
816,1518661958457,0.0,0.0,0.0,0.0,0.0,0.0,0.0,0.0,29328.0,-7530.0,-129.0,-1.0,-1.0,-1.0
817,1518661958522,0.0,0.0,0.0,0.0,0.0,0.0,0.0,0.0,29328.0,-7530.0,-129.0,-1.0,-1.0,-1.0
818,1518661958602,0.0,0.0,0.0,0.0,0.0,0.0,0.0,0.0,29328.0,-7530.0,-129.0,-1.0,-1.0,-1.0
819,1518661958666,0.0,0.0,0.0,0.0,0.0,0.0,0.0,0.0,29328.0,-7530.0,-129.0,-1.0,-1.0,-1.0
820,1518661958745,0.0,0.0,0.0,0.0,0.0,0.0,0.0,0.0,29328.0,-7530.0,-129.0,-1.0,-1.0,-1.0
821,1518661958810,0.0,0.0,0.0,0.0,0.0,0.0,0.0,0.0,29328.0,-7530.0,-129.0,-1.0,-1.0,-1.0
822,1518661958874,0.0,0.0,0.0,0.0,0.0,0.0,0.0,0.0,29328.0,-7530.0,-129.0,-1.0,-1.0,-1.0
823,1518661958954,0.0,0.0,0.0,0.0,0.0,0.0,0.0,0.0,29328.0,-7530.0,-129.0,-1.0,-1.0,-1.0
824,1518661959018,0.0,0.0,0.0,0.0,0.0,0.0,0.0,0.0,29328.0,-7530.0,-129.0,-1.0,-1.0,-1.0
825,1518661959082,0.0,0.0,0.0,0.0,0.0,0.0,0.0,0.0,29328.0,-7530.0,-129.0,-1.0,-1.0,-1.0
826,1518661959161,0.0,0.0,0.0,0.0,0.0,0.0,0.0,0.0,29328.0,-7530.0,-129.0,-1.0,-1.0,-1.0
827,1518661959225,0.0,0.0,0.0,0.0,0.0,0.0,0.0,0.0,29328.0,-7530.0,-129.0,-1.0,-1.0,-1.0
828,1518661959290,0.0,0.0,0.0,0.0,0.0,0.0,0.0,0.0,29328.0,-7530.0,-129.0,-1.0,-1.0,-1.0
829,1518661959370,0.0,0.0,0.0,0.0,0.0,0.0,0.0,0.0,29328.0,-7530.0,-129.0,-1.0,-1.0,-1.0
830,1518661959434,0.0,0.0,0.0,0.0,0.0,0.0,0.0,0.0,29328.0,-7530.0,-129.0,-1.0,-1.0,-1.0
831,1518661959498,0.0,0.0,0.0,0.0,0.0,0.0,0.0,0.0,29328.0,-7530.0,-129.0,-1.0,-1.0,-1.0
832,1518661959578,0.0,0.0,0.0,0.0,0.0,0.0,0.0,0.0,29328.0,-7530.0,-129.0,-1.0,-1.0,-1.0
833,1518661959642,0.0,0.0,0.0,0.0,0.0,0.0,0.0,0.0,29328.0,-7530.0,-129.0,-1.0,-1.0,-1.0
834,1518661959706,0.0,0.0,0.0,0.0,0.0,0.0,0.0,0.0,29328.0,-7530.0,-129.0,-1.0,-1.0,-1.0
835,1518661959786,0.0,0.0,0.0,0.0,0.0,0.0,0.0,0.0,29328.0,-7530.0,-129.0,-1.0,-1.0,-1.0
836,1518661959850,0.0,0.0,0.0,0.0,0.0,0.0,0.0,0.0,29328.0,-7530.0,-129.0,-1.0,-1.0,-1.0
837,1518661959914,0.0,0.0,0.0,0.0,0.0,0.0,0.0,0.0,29328.0,-7530.0,-129.0,-1.0,-1.0,-1.0
838,1518661959994,0.0,0.0,0.0,0.0,0.0,0.0,0.0,0.0,29328.0,-7530.0,-129.0,-1.0,-1.0,-1.0
839,1518661960058,0.0,0.0,0.0,0.0,0.0,0.0,0.0,0.0,29328.0,-7530.0,-129.0,-1.0,-1.0,-1.0
840,1518661960138,0.0,0.0,0.0,0.0,0.0,0.0,0.0,0.0,29328.0,-7530.0,-129.0,-1.0,-1.0,-1.0
841,1518661960203,0.0,0.0,0.0,0.0,0.0,0.0,0.0,0.0,29328.0,-7530.0,-129.0,-1.0,-1.0,-1.0
842,1518661960266,0.0,0.0,0.0,0.0,0.0,0.0,0.0,0.0,29328.0,-7530.0,-129.0,-1.0,-1.0,-1.0
843,1518661960346,0.0,0.0,0.0,0.0,0.0,0.0,0.0,0.0,29328.0,-7530.0,-129.0,-1.0,-1.0,-1.0
844,1518661960410,0.0,0.0,0.0,0.0,0.0,0.0,0.0,0.0,29328.0,-7530.0,-129.0,-1.0,-1.0,-1.0
845,1518661960474,0.0,0.0,0.0,0.0,0.0,0.0,0.0,0.0,29328.0,-7530.0,-129.0,-1.0,-1.0,-1.0
846,1518661960554,0.0,0.0,0.0,0.0,0.0,0.0,0.0,0.0,29328.0,-7530.0,-129.0,-1.0,-1.0,-1.0
847,1518661960619,0.0,0.0,0.0,0.0,0.0,0.0,0.0,0.0,29328.0,-7530.0,-129.0,-1.0,-1.0,-1.0
848,1518661960683,0.0,0.0,0.0,0.0,0.0,0.0,0.0,0.0,29328.0,-7530.0,-129.0,-1.0,-1.0,-1.0
849,1518661960762,0.0,0.0,0.0,0.0,0.0,0.0,0.0,0.0,29328.0,-7530.0,-129.0,-1.0,-1.0,-1.0
850,1518661960827,0.0,0.0,0.0,0.0,0.0,0.0,0.0,0.0,29328.0,-7530.0,-129.0,-1.0,-1.0,-1.0
851,1518661960891,0.0,0.0,0.0,0.0,0.0,0.0,0.0,0.0,29328.0,-7530.0,-129.0,-1.0,-1.0,-1.0
852,1518661960971,0.0,0.0,0.0,0.0,0.0,0.0,0.0,0.0,29328.0,-7530.0,-129.0,-1.0,-1.0,-1.0
853,1518661961036,0.0,0.0,0.0,0.0,0.0,0.0,0.0,0.0,29328.0,-7530.0,-129.0,-1.0,-1.0,-1.0
854,1518661961099,0.0,0.0,0.0,0.0,0.0,0.0,0.0,0.0,29328.0,-7530.0,-129.0,-1.0,-1.0,-1.0
855,1518661961178,0.0,0.0,0.0,0.0,0.0,0.0,0.0,0.0,29328.0,-7530.0,-129.0,-1.0,-1.0,-1.0
856,1518661961243,0.0,0.0,0.0,0.0,0.0,0.0,0.0,0.0,29328.0,-7530.0,-129.0,-1.0,-1.0,-1.0
857,1518661961323,0.0,0.0,0.0,0.0,0.0,0.0,0.0,0.0,32767.0,-12076.0,-11748.0,-32768.0,-8679.0,-5764.0
858,1518661961403,0.0,0.0,0.0,0.0,0.0,0.0,0.0,0.0,28740.0,-15376.0,-7288.0,-20397.0,1331.0,-13219.0
859,1518661961483,0.0,0.0,0.0,0.0,0.0,0.0,0.0,0.0,24676.0,-13028.0,-10096.0,7937.0,8469.0,-5528.0
860,1518661961563,0.0,0.0,0.0,0.0,0.0,0.0,0.0,0.0,18704.0,-8748.0,-20884.0,17491.0,3377.0,-924.0
861,1518661961643,0.0,0.0,0.0,0.0,0.0,0.0,0.0,0.0,20528.0,-8748.0,-19932.0,7693.0,-2473.0,1844.0
862,1518661961723,0.0,0.0,0.0,0.0,0.0,0.0,0.0,0.0,20528.0,-8748.0,-19932.0,7693.0,-2473.0,1844.0
863,1518661961803,0.0,0.0,0.0,0.0,0.0,0.0,0.0,0.0,20528.0,-8748.0,-19932.0,7693.0,-2473.0,1844.0
864,1518661961884,0.0,0.0,0.0,0.0,0.0,0.0,0.0,0.0,20528.0,-8748.0,-19932.0,7693.0,-2473.0,1844.0
865,1518661961963,0.0,0.0,0.0,0.0,0.0,0.0,0.0,0.0,20528.0,-8748.0,-19932.0,7693.0,-2473.0,1844.0
866,1518661962043,0.0,0.0,0.0,0.0,0.0,0.0,0.0,0.0,20528.0,-8748.0,-19932.0,7693.0,-2473.0,1844.0
867,1518661962123,0.0,0.0,0.0,0.0,0.0,0.0,0.0,0.0,20528.0,-8748.0,-19932.0,7693.0,-2473.0,1844.0
868,1518661962203,0.0,0.0,0.0,0.0,0.0,0.0,0.0,0.0,20528.0,-8748.0,-19932.0,7693.0,-2473.0,1844.0
869,1518661962283,0.0,0.0,0.0,0.0,0.0,0.0,0.0,0.0,20528.0,-8748.0,-19932.0,7693.0,-2473.0,1844.0
870,1518661962363,0.0,0.0,0.0,0.0,0.0,0.0,0.0,0.0,20528.0,-8748.0,-19932.0,7693.0,-2473.0,1844.0
871,1518661962443,0.0,0.0,0.0,0.0,0.0,0.0,0.0,0.0,20528.0,-8748.0,-19932.0,7693.0,-2473.0,1844.0
872,1518661962523,0.0,0.0,0.0,0.0,0.0,0.0,0.0,0.0,20528.0,-8748.0,-19932.0,7693.0,-2473.0,1844.0
873,1518661962587,0.0,0.0,0.0,0.0,0.0,0.0,0.0,0.0,20528.0,-8748.0,-19932.0,7693.0,-2473.0,1844.0
874,1518661962668,0.0,0.0,0.0,0.0,0.0,0.0,0.0,0.0,20528.0,-8748.0,-19932.0,7693.0,-2473.0,1844.0
875,1518661962747,0.0,0.0,0.0,0.0,0.0,0.0,0.0,0.0,20528.0,-8748.0,-19932.0,7693.0,-2473.0,1844.0
876,1518661962827,0.0,0.0,0.0,0.0,0.0,0.0,0.0,0.0,20528.0,-8748.0,-19932.0,7693.0,-2473.0,1844.0
877,1518661962907,0.0,0.0,0.0,0.0,0.0,0.0,0.0,0.0,20528.0,-8748.0,-19932.0,7693.0,-2473.0,1844.0
878,1518661962987,0.0,0.0,0.0,0.0,0.0,0.0,0.0,0.0,20528.0,-8748.0,-19932.0,7693.0,-2473.0,1844.0
879,1518661963068,0.0,0.0,0.0,0.0,0.0,0.0,0.0,0.0,20528.0,-8748.0,-19932.0,7693.0,-2473.0,1844.0
880,1518661963148,0.0,0.0,0.0,0.0,0.0,0.0,0.0,0.0,20528.0,-8748.0,-19932.0,7693.0,-2473.0,1844.0
881,1518661963228,0.0,0.0,0.0,0.0,0.0,0.0,0.0,0.0,20528.0,-8748.0,-19932.0,7693.0,-2473.0,1844.0
882,1518661963308,0.0,0.0,0.0,0.0,0.0,0.0,0.0,0.0,20528.0,-8748.0,-19932.0,7693.0,-2473.0,1844.0
883,1518661963388,0.0,0.0,0.0,0.0,0.0,0.0,0.0,0.0,20528.0,-8748.0,-19932.0,7693.0,-2473.0,1844.0
884,1518661963468,0.0,0.0,0.0,0.0,0.0,0.0,0.0,0.0,20528.0,-8748.0,-19932.0,7693.0,-2473.0,1844.0
885,1518661963547,0.0,0.0,0.0,0.0,0.0,0.0,0.0,0.0,20528.0,-8748.0,-19932.0,7693.0,-2473.0,1844.0
886,1518661963628,0.0,0.0,0.0,0.0,0.0,0.0,0.0,0.0,20528.0,-8748.0,-19932.0,7693.0,-2473.0,1844.0
887,1518661963708,0.0,0.0,0.0,0.0,0.0,0.0,0.0,0.0,20528.0,-8748.0,-19932.0,7693.0,-2473.0,1844.0
888,1518661963772,0.0,0.0,0.0,0.0,0.0,0.0,0.0,0.0,20528.0,-8748.0,-19932.0,7693.0,-2473.0,1844.0
889,1518661963852,0.0,0.0,0.0,0.0,0.0,0.0,0.0,0.0,20528.0,-8748.0,-19932.0,7693.0,-2473.0,1844.0
890,1518661963932,0.0,0.0,0.0,0.0,0.0,0.0,0.0,0.0,20528.0,-8748.0,-19932.0,7693.0,-2473.0,1844.0
891,1518661964012,0.0,0.0,0.0,0.0,0.0,0.0,0.0,0.0,20528.0,-8748.0,-19932.0,7693.0,-2473.0,1844.0
892,1518661964092,0.0,0.0,0.0,0.0,0.0,0.0,0.0,0.0,20528.0,-8748.0,-19932.0,7693.0,-2473.0,1844.0
893,1518661964172,0.0,0.0,0.0,0.0,0.0,0.0,0.0,0.0,20528.0,-8748.0,-19932.0,7693.0,-2473.0,1844.0
894,1518661964253,0.0,0.0,0.0,0.0,0.0,0.0,0.0,0.0,20528.0,-8748.0,-19932.0,7693.0,-2473.0,1844.0
895,1518661964332,0.0,0.0,0.0,0.0,0.0,0.0,0.0,0.0,20528.0,-8748.0,-19932.0,7693.0,-2473.0,1844.0
896,1518661964412,0.0,0.0,0.0,0.0,0.0,0.0,0.0,0.0,20528.0,-8748.0,-19932.0,7693.0,-2473.0,1844.0
897,1518661964492,0.0,0.0,0.0,0.0,0.0,0.0,0.0,0.0,20528.0,-8748.0,-19932.0,7693.0,-2473.0,1844.0
898,1518661964572,0.0,0.0,0.0,0.0,0.0,0.0,0.0,0.0,20528.0,-8748.0,-19932.0,7693.0,-2473.0,1844.0
899,1518661964653,0.0,0.0,0.0,0.0,0.0,0.0,0.0,0.0,20528.0,-8748.0,-19932.0,7693.0,-2473.0,1844.0
900,1518661964825,0.0,0.0,0.0,0.0,0.0,0.0,0.0,0.0,20528.0,-8748.0,-19932.0,7693.0,-2473.0,1844.0
901,1518661964826,0.0,0.0,0.0,0.0,0.0,0.0,0.0,0.0,20528.0,-8748.0,-19932.0,7693.0,-2473.0,1844.0
902,1518661964892,0.0,0.0,0.0,0.0,0.0,0.0,0.0,0.0,20528.0,-8748.0,-19932.0,7693.0,-2473.0,1844.0
903,1518661964956,0.0,0.0,0.0,0.0,0.0,0.0,0.0,0.0,20528.0,-8748.0,-19932.0,7693.0,-2473.0,1844.0
904,1518661965037,0.0,0.0,0.0,0.0,0.0,0.0,0.0,0.0,20528.0,-8748.0,-19932.0,7693.0,-2473.0,1844.0
905,1518661965117,0.0,0.0,0.0,0.0,0.0,0.0,0.0,0.0,20528.0,-8748.0,-19932.0,7693.0,-2473.0,1844.0
906,1518661965196,0.0,0.0,0.0,0.0,0.0,0.0,0.0,0.0,20528.0,-8748.0,-19932.0,7693.0,-2473.0,1844.0
907,1518661965276,0.0,0.0,0.0,0.0,0.0,0.0,0.0,0.0,20528.0,-8748.0,-19932.0,7693.0,-2473.0,1844.0
908,1518661965357,0.0,0.0,0.0,0.0,0.0,0.0,0.0,0.0,20528.0,-8748.0,-19932.0,7693.0,-2473.0,1844.0
909,1518661965437,0.0,0.0,0.0,0.0,0.0,0.0,0.0,0.0,20528.0,-8748.0,-19932.0,7693.0,-2473.0,1844.0
910,1518661965517,0.0,0.0,0.0,0.0,0.0,0.0,0.0,0.0,20528.0,-8748.0,-19932.0,7693.0,-2473.0,1844.0
911,1518661965596,0.0,0.0,0.0,0.0,0.0,0.0,0.0,0.0,20528.0,-8748.0,-19932.0,7693.0,-2473.0,1844.0
912,1518661965677,0.0,0.0,0.0,0.0,0.0,0.0,0.0,0.0,20528.0,-8748.0,-19932.0,7693.0,-2473.0,1844.0
913,1518661965757,0.0,0.0,0.0,0.0,0.0,0.0,0.0,0.0,20528.0,-8748.0,-19932.0,7693.0,-2473.0,1844.0
914,1518661965837,0.0,0.0,0.0,0.0,0.0,0.0,0.0,0.0,20528.0,-8748.0,-19932.0,7693.0,-2473.0,1844.0
915,1518661965917,0.0,0.0,0.0,0.0,0.0,0.0,0.0,0.0,20528.0,-8748.0,-19932.0,7693.0,-2473.0,1844.0
916,1518661965996,0.0,0.0,0.0,0.0,0.0,0.0,0.0,0.0,20528.0,-8748.0,-19932.0,7693.0,-2473.0,1844.0
917,1518661966077,0.0,0.0,0.0,0.0,0.0,0.0,0.0,0.0,20528.0,-8748.0,-19932.0,7693.0,-2473.0,1844.0
918,1518661966141,0.0,0.0,0.0,0.0,0.0,0.0,0.0,0.0,20528.0,-8748.0,-19932.0,7693.0,-2473.0,1844.0
919,1518661966222,0.0,0.0,0.0,0.0,0.0,0.0,0.0,0.0,20528.0,-8748.0,-19932.0,7693.0,-2473.0,1844.0
920,1518661966301,0.0,0.0,0.0,0.0,0.0,0.0,0.0,0.0,20528.0,-8748.0,-19932.0,7693.0,-2473.0,1844.0
921,1518661966381,0.0,0.0,0.0,0.0,0.0,0.0,0.0,0.0,20528.0,-8748.0,-19932.0,7693.0,-2473.0,1844.0
922,1518661966461,0.0,0.0,0.0,0.0,0.0,0.0,0.0,0.0,20528.0,-8748.0,-19932.0,7693.0,-2473.0,1844.0
923,1518661966541,0.0,0.0,0.0,0.0,0.0,0.0,0.0,0.0,20528.0,-8748.0,-19932.0,7693.0,-2473.0,1844.0
924,1518661966621,0.0,0.0,0.0,0.0,0.0,0.0,0.0,0.0,20528.0,-8748.0,-19932.0,7693.0,-2473.0,1844.0
925,1518661966701,0.0,0.0,0.0,0.0,0.0,0.0,0.0,0.0,20528.0,-8748.0,-19932.0,7693.0,-2473.0,1844.0
926,1518661966781,0.0,0.0,0.0,0.0,0.0,0.0,0.0,0.0,20528.0,-8748.0,-19932.0,7693.0,-2473.0,1844.0
927,1518661966861,0.0,0.0,0.0,0.0,0.0,0.0,0.0,0.0,20528.0,-8748.0,-19932.0,7693.0,-2473.0,1844.0
928,1518661966941,0.0,0.0,0.0,0.0,0.0,0.0,0.0,0.0,20528.0,-8748.0,-19932.0,7693.0,-2473.0,1844.0
929,1518661967021,0.0,0.0,0.0,0.0,0.0,0.0,0.0,0.0,20528.0,-8748.0,-19932.0,7693.0,-2473.0,1844.0
930,1518661967101,0.0,0.0,0.0,0.0,0.0,0.0,0.0,0.0,20528.0,-8748.0,-19932.0,7693.0,-2473.0,1844.0
931,1518661967181,0.0,0.0,0.0,0.0,0.0,0.0,0.0,0.0,20528.0,-8748.0,-19932.0,7693.0,-2473.0,1844.0
932,1518661967261,0.0,0.0,0.0,0.0,0.0,0.0,0.0,0.0,20528.0,-8748.0,-19932.0,7693.0,-2473.0,1844.0
933,1518661967325,0.0,0.0,0.0,0.0,0.0,0.0,0.0,0.0,20528.0,-8748.0,-19932.0,7693.0,-2473.0,1844.0
934,1518661967405,0.0,0.0,0.0,0.0,0.0,0.0,0.0,0.0,20528.0,-8748.0,-19932.0,7693.0,-2473.0,1844.0
935,1518661967486,0.0,0.0,0.0,0.0,0.0,0.0,0.0,0.0,20528.0,-8748.0,-19932.0,7693.0,-2473.0,1844.0
936,1518661967566,0.0,0.0,0.0,0.0,0.0,0.0,0.0,0.0,20528.0,-8748.0,-19932.0,7693.0,-2473.0,1844.0
937,1518661967646,0.0,0.0,0.0,0.0,0.0,0.0,0.0,0.0,20528.0,-8748.0,-19932.0,7693.0,-2473.0,1844.0
938,1518661967726,0.0,0.0,0.0,0.0,0.0,0.0,0.0,0.0,20528.0,-8748.0,-19932.0,7693.0,-2473.0,1844.0
939,1518661967806,0.0,0.0,0.0,0.0,0.0,0.0,0.0,0.0,20528.0,-8748.0,-19932.0,7693.0,-2473.0,1844.0
940,1518661967886,0.0,0.0,0.0,0.0,0.0,0.0,0.0,0.0,20528.0,-8748.0,-19932.0,7693.0,-2473.0,1844.0
941,1518661967965,0.0,0.0,0.0,0.0,0.0,0.0,0.0,0.0,20528.0,-8748.0,-19932.0,7693.0,-2473.0,1844.0
942,1518661968045,0.0,0.0,0.0,0.0,0.0,0.0,0.0,0.0,20528.0,-8748.0,-19932.0,7693.0,-2473.0,1844.0
943,1518661968125,0.0,0.0,0.0,0.0,0.0,0.0,0.0,0.0,20528.0,-8748.0,-19932.0,7693.0,-2473.0,1844.0
944,1518661968205,0.0,0.0,0.0,0.0,0.0,0.0,0.0,0.0,20528.0,-8748.0,-19932.0,7693.0,-2473.0,1844.0
945,1518661968286,0.0,0.0,0.0,0.0,0.0,0.0,0.0,0.0,20528.0,-8748.0,-19932.0,7693.0,-2473.0,1844.0
946,1518661968366,0.0,0.0,0.0,0.0,0.0,0.0,0.0,0.0,20528.0,-8748.0,-19932.0,7693.0,-2473.0,1844.0
947,1518661968446,0.0,0.0,0.0,0.0,0.0,0.0,0.0,0.0,20528.0,-8748.0,-19932.0,7693.0,-2473.0,1844.0
948,1518661968510,0.0,0.0,0.0,0.0,0.0,0.0,0.0,0.0,20528.0,-8748.0,-19932.0,7693.0,-2473.0,1844.0
949,1518661968590,0.0,0.0,0.0,0.0,0.0,0.0,0.0,0.0,20528.0,-8748.0,-19932.0,7693.0,-2473.0,1844.0
950,1518661968670,0.0,0.0,0.0,0.0,0.0,0.0,0.0,0.0,20528.0,-8748.0,-19932.0,7693.0,-2473.0,1844.0
951,1518661968750,0.0,0.0,0.0,0.0,0.0,0.0,0.0,0.0,20528.0,-8748.0,-19932.0,7693.0,-2473.0,1844.0
952,1518661968830,0.0,0.0,0.0,0.0,0.0,0.0,0.0,0.0,20528.0,-8748.0,-19932.0,7693.0,-2473.0,1844.0
953,1518661968910,0.0,0.0,0.0,0.0,0.0,0.0,0.0,0.0,20528.0,-8748.0,-19932.0,7693.0,-2473.0,1844.0
954,1518661968990,0.0,0.0,0.0,0.0,0.0,0.0,0.0,0.0,20528.0,-8748.0,-19932.0,7693.0,-2473.0,1844.0
955,1518661969071,0.0,0.0,0.0,0.0,0.0,0.0,0.0,0.0,20528.0,-8748.0,-19932.0,7693.0,-2473.0,1844.0
956,1518661969150,0.0,0.0,0.0,0.0,0.0,0.0,0.0,0.0,20528.0,-8748.0,-19932.0,7693.0,-2473.0,1844.0
957,1518661969230,0.0,0.0,0.0,0.0,0.0,0.0,0.0,0.0,20528.0,-8748.0,-19932.0,7693.0,-2473.0,1844.0
958,1518661969310,0.0,0.0,0.0,0.0,0.0,0.0,0.0,0.0,20528.0,-8748.0,-19932.0,7693.0,-2473.0,1844.0
959,1518661969390,0.0,0.0,0.0,0.0,0.0,0.0,0.0,0.0,20528.0,-8748.0,-19932.0,7693.0,-2473.0,1844.0
960,1518661969471,0.0,0.0,0.0,0.0,0.0,0.0,0.0,0.0,20528.0,-8748.0,-19932.0,7693.0,-2473.0,1844.0
961,1518661969550,0.0,0.0,0.0,0.0,0.0,0.0,0.0,0.0,20528.0,-8748.0,-19932.0,7693.0,-2473.0,1844.0
962,1518661969630,0.0,0.0,0.0,0.0,0.0,0.0,0.0,0.0,20528.0,-8748.0,-19932.0,7693.0,-2473.0,1844.0
963,1518661969694,0.0,0.0,0.0,0.0,0.0,0.0,0.0,0.0,20528.0,-8748.0,-19932.0,7693.0,-2473.0,1844.0
964,1518661969775,0.0,0.0,0.0,0.0,0.0,0.0,0.0,0.0,20528.0,-8748.0,-19932.0,7693.0,-2473.0,1844.0
965,1518661969855,0.0,0.0,0.0,0.0,0.0,0.0,0.0,0.0,20528.0,-8748.0,-19932.0,7693.0,-2473.0,1844.0
966,1518661969935,0.0,0.0,0.0,0.0,0.0,0.0,0.0,0.0,20528.0,-8748.0,-19932.0,7693.0,-2473.0,1844.0
967,1518661970014,0.0,0.0,0.0,0.0,0.0,0.0,0.0,0.0,20528.0,-8748.0,-19932.0,7693.0,-2473.0,1844.0
968,1518661970094,0.0,0.0,0.0,0.0,0.0,0.0,0.0,0.0,20528.0,-8748.0,-19932.0,7693.0,-2473.0,1844.0
969,1518661970174,0.0,0.0,0.0,0.0,0.0,0.0,0.0,0.0,20528.0,-8748.0,-19932.0,7693.0,-2473.0,1844.0
970,1518661970254,0.0,0.0,0.0,0.0,0.0,0.0,0.0,0.0,20528.0,-8748.0,-19932.0,7693.0,-2473.0,1844.0
971,1518661970335,0.0,0.0,0.0,0.0,0.0,0.0,0.0,0.0,20528.0,-8748.0,-19932.0,7693.0,-2473.0,1844.0
972,1518661970414,0.0,0.0,0.0,0.0,0.0,0.0,0.0,0.0,20528.0,-8748.0,-19932.0,7693.0,-2473.0,1844.0
973,1518661970495,0.0,0.0,0.0,0.0,0.0,0.0,0.0,0.0,20528.0,-8748.0,-19932.0,7693.0,-2473.0,1844.0
974,1518661970575,0.0,0.0,0.0,0.0,0.0,0.0,0.0,0.0,20528.0,-8748.0,-19932.0,7693.0,-2473.0,1844.0
975,1518661970655,0.0,0.0,0.0,0.0,0.0,0.0,0.0,0.0,20528.0,-8748.0,-19932.0,7693.0,-2473.0,1844.0
976,1518661970735,0.0,0.0,0.0,0.0,0.0,0.0,0.0,0.0,20528.0,-8748.0,-19932.0,7693.0,-2473.0,1844.0
977,1518661970799,0.0,0.0,0.0,0.0,0.0,0.0,0.0,0.0,20528.0,-8748.0,-19932.0,7693.0,-2473.0,1844.0
978,1518661970879,0.0,0.0,0.0,0.0,0.0,0.0,0.0,0.0,20528.0,-8748.0,-19932.0,7693.0,-2473.0,1844.0
979,1518661970959,0.0,0.0,0.0,0.0,0.0,0.0,0.0,0.0,20528.0,-8748.0,-19932.0,7693.0,-2473.0,1844.0
980,1518661971039,0.0,0.0,0.0,0.0,0.0,0.0,0.0,0.0,20528.0,-8748.0,-19932.0,7693.0,-2473.0,1844.0
981,1518661971119,0.0,0.0,0.0,0.0,0.0,0.0,0.0,0.0,20528.0,-8748.0,-19932.0,7693.0,-2473.0,1844.0
982,1518661971199,0.0,0.0,0.0,0.0,0.0,0.0,0.0,0.0,20528.0,-8748.0,-19932.0,7693.0,-2473.0,1844.0
983,1518661971279,0.0,0.0,0.0,0.0,0.0,0.0,0.0,0.0,20528.0,-8748.0,-19932.0,7693.0,-2473.0,1844.0
984,1518661971359,0.0,0.0,0.0,0.0,0.0,0.0,0.0,0.0,20528.0,-8748.0,-19932.0,7693.0,-2473.0,1844.0
985,1518661971439,0.0,0.0,0.0,0.0,0.0,0.0,0.0,0.0,20528.0,-8748.0,-19932.0,7693.0,-2473.0,1844.0
986,1518661971519,0.0,0.0,0.0,0.0,0.0,0.0,0.0,0.0,20528.0,-8748.0,-19932.0,7693.0,-2473.0,1844.0
987,1518661971599,0.0,0.0,0.0,0.0,0.0,0.0,0.0,0.0,20528.0,-8748.0,-19932.0,7693.0,-2473.0,1844.0
988,1518661971679,0.0,0.0,0.0,0.0,0.0,0.0,0.0,0.0,20528.0,-8748.0,-19932.0,7693.0,-2473.0,1844.0
989,1518661971759,0.0,0.0,0.0,0.0,0.0,0.0,0.0,0.0,20528.0,-8748.0,-19932.0,7693.0,-2473.0,1844.0
990,1518661971839,0.0,0.0,0.0,0.0,0.0,0.0,0.0,0.0,20528.0,-8748.0,-19932.0,7693.0,-2473.0,1844.0
991,1518661971919,0.0,0.0,0.0,0.0,0.0,0.0,0.0,0.0,20528.0,-8748.0,-19932.0,7693.0,-2473.0,1844.0
992,1518661971985,0.0,0.0,0.0,0.0,0.0,0.0,0.0,0.0,20528.0,-8748.0,-19932.0,7693.0,-2473.0,1844.0
993,1518661972063,0.0,0.0,0.0,0.0,0.0,0.0,0.0,0.0,20528.0,-8748.0,-19932.0,7693.0,-2473.0,1844.0
994,1518661972143,0.0,0.0,0.0,0.0,0.0,0.0,0.0,0.0,20528.0,-8748.0,-19932.0,7693.0,-2473.0,1844.0
995,1518661972223,0.0,0.0,0.0,0.0,0.0,0.0,0.0,0.0,20528.0,-8748.0,-19932.0,7693.0,-2473.0,1844.0
996,1518661972304,0.0,0.0,0.0,0.0,0.0,0.0,0.0,0.0,20528.0,-8748.0,-19932.0,7693.0,-2473.0,1844.0
997,1518661972384,0.0,0.0,0.0,0.0,0.0,0.0,0.0,0.0,20528.0,-8748.0,-19932.0,7693.0,-2473.0,1844.0
998,1518661972463,0.0,0.0,0.0,0.0,0.0,0.0,0.0,0.0,20528.0,-8748.0,-19932.0,7693.0,-2473.0,1844.0
999,1518661972543,0.0,0.0,0.0,0.0,0.0,0.0,0.0,0.0,20528.0,-8748.0,-19932.0,7693.0,-2473.0,1844.0
1000,1518661972624,0.0,0.0,0.0,0.0,0.0,0.0,0.0,0.0,20528.0,-8748.0,-19932.0,7693.0,-2473.0,1844.0
1001,1518661972703,0.0,0.0,0.0,0.0,0.0,0.0,0.0,0.0,20528.0,-8748.0,-19932.0,7693.0,-2473.0,1844.0
1002,1518661972784,0.0,0.0,0.0,0.0,0.0,0.0,0.0,0.0,20528.0,-8748.0,-19932.0,7693.0,-2473.0,1844.0
1003,1518661972864,0.0,0.0,0.0,0.0,0.0,0.0,0.0,0.0,20528.0,-8748.0,-19932.0,7693.0,-2473.0,1844.0
1004,1518661972944,0.0,0.0,0.0,0.0,0.0,0.0,0.0,0.0,20528.0,-8748.0,-19932.0,7693.0,-2473.0,1844.0
1005,1518661973024,0.0,0.0,0.0,0.0,0.0,0.0,0.0,0.0,20528.0,-8748.0,-19932.0,7693.0,-2473.0,1844.0
1006,1518661973104,0.0,0.0,0.0,0.0,0.0,0.0,0.0,0.0,20528.0,-8748.0,-19932.0,7693.0,-2473.0,1844.0
1007,1518661973168,0.0,0.0,0.0,0.0,0.0,0.0,0.0,0.0,20528.0,-8748.0,-19932.0,7693.0,-2473.0,1844.0
1008,1518661973248,0.0,0.0,0.0,0.0,0.0,0.0,0.0,0.0,20528.0,-8748.0,-19932.0,7693.0,-2473.0,1844.0
1009,1518661973328,0.0,0.0,0.0,0.0,0.0,0.0,0.0,0.0,20528.0,-8748.0,-19932.0,7693.0,-2473.0,1844.0
1010,1518661973408,0.0,0.0,0.0,0.0,0.0,0.0,0.0,0.0,20528.0,-8748.0,-19932.0,7693.0,-2473.0,1844.0
1011,1518661973488,0.0,0.0,0.0,0.0,0.0,0.0,0.0,0.0,20528.0,-8748.0,-19932.0,7693.0,-2473.0,1844.0
1012,1518661973569,0.0,0.0,0.0,0.0,0.0,0.0,0.0,0.0,20528.0,-8748.0,-19932.0,7693.0,-2473.0,1844.0
1013,1518661973648,0.0,0.0,0.0,0.0,0.0,0.0,0.0,0.0,20528.0,-8748.0,-19932.0,7693.0,-2473.0,1844.0
1014,1518661973728,0.0,0.0,0.0,0.0,0.0,0.0,0.0,0.0,20528.0,-8748.0,-19932.0,7693.0,-2473.0,1844.0
1015,1518661973808,0.0,0.0,0.0,0.0,0.0,0.0,0.0,0.0,20528.0,-8748.0,-19932.0,7693.0,-2473.0,1844.0
1016,1518661973888,0.0,0.0,0.0,0.0,0.0,0.0,0.0,0.0,20528.0,-8748.0,-19932.0,7693.0,-2473.0,1844.0
1017,1518661973968,0.0,0.0,0.0,0.0,0.0,0.0,0.0,0.0,20528.0,-8748.0,-19932.0,7693.0,-2473.0,1844.0
1018,1518661974048,0.0,0.0,0.0,0.0,0.0,0.0,0.0,0.0,20528.0,-8748.0,-19932.0,7693.0,-2473.0,1844.0
1019,1518661974128,0.0,0.0,0.0,0.0,0.0,0.0,0.0,0.0,20528.0,-8748.0,-19932.0,7693.0,-2473.0,1844.0
1020,1518661974208,0.0,0.0,0.0,0.0,0.0,0.0,0.0,0.0,20528.0,-8748.0,-19932.0,7693.0,-2473.0,1844.0
1021,1518661974289,0.0,0.0,0.0,0.0,0.0,0.0,0.0,0.0,20528.0,-8748.0,-19932.0,7693.0,-2473.0,1844.0
1022,1518661974353,0.0,0.0,0.0,0.0,0.0,0.0,0.0,0.0,20528.0,-8748.0,-19932.0,7693.0,-2473.0,1844.0
1023,1518661974433,0.0,0.0,0.0,0.0,0.0,0.0,0.0,0.0,20528.0,-8748.0,-19932.0,7693.0,-2473.0,1844.0
1024,1518661974512,0.0,0.0,0.0,0.0,0.0,0.0,0.0,0.0,20528.0,-8748.0,-19932.0,7693.0,-2473.0,1844.0
1025,1518661974592,0.0,0.0,0.0,0.0,0.0,0.0,0.0,0.0,20528.0,-8748.0,-19932.0,7693.0,-2473.0,1844.0
1026,1518661974673,0.0,0.0,0.0,0.0,0.0,0.0,0.0,0.0,20528.0,-8748.0,-19932.0,7693.0,-2473.0,1844.0
1027,1518661974753,0.0,0.0,0.0,0.0,0.0,0.0,0.0,0.0,20528.0,-8748.0,-19932.0,7693.0,-2473.0,1844.0
1028,1518661974833,0.0,0.0,0.0,0.0,0.0,0.0,0.0,0.0,20528.0,-8748.0,-19932.0,7693.0,-2473.0,1844.0
1029,1518661974912,0.0,0.0,0.0,0.0,0.0,0.0,0.0,0.0,20528.0,-8748.0,-19932.0,7693.0,-2473.0,1844.0
1030,1518661974993,0.0,0.0,0.0,0.0,0.0,0.0,0.0,0.0,20528.0,-8748.0,-19932.0,7693.0,-2473.0,1844.0
1031,1518661975074,0.0,0.0,0.0,0.0,0.0,0.0,0.0,0.0,20528.0,-8748.0,-19932.0,7693.0,-2473.0,1844.0
1032,1518661975154,0.0,0.0,0.0,0.0,0.0,0.0,0.0,0.0,20528.0,-8748.0,-19932.0,7693.0,-2473.0,1844.0
1033,1518661975233,0.0,0.0,0.0,0.0,0.0,0.0,0.0,0.0,20528.0,-8748.0,-19932.0,7693.0,-2473.0,1844.0
1034,1518661975313,0.0,0.0,0.0,0.0,0.0,0.0,0.0,0.0,20528.0,-8748.0,-19932.0,7693.0,-2473.0,1844.0
1035,1518661975393,0.0,0.0,0.0,0.0,0.0,0.0,0.0,0.0,20528.0,-8748.0,-19932.0,7693.0,-2473.0,1844.0
1036,1518661975473,0.0,0.0,0.0,0.0,0.0,0.0,0.0,0.0,20528.0,-8748.0,-19932.0,7693.0,-2473.0,1844.0
1037,1518661975537,0.0,0.0,0.0,0.0,0.0,0.0,0.0,0.0,20528.0,-8748.0,-19932.0,7693.0,-2473.0,1844.0
1038,1518661975617,0.0,0.0,0.0,0.0,0.0,0.0,0.0,0.0,20528.0,-8748.0,-19932.0,7693.0,-2473.0,1844.0
1039,1518661975697,0.0,0.0,0.0,0.0,0.0,0.0,0.0,0.0,20528.0,-8748.0,-19932.0,7693.0,-2473.0,1844.0
1040,1518661975777,0.0,0.0,0.0,0.0,0.0,0.0,0.0,0.0,20528.0,-8748.0,-19932.0,7693.0,-2473.0,1844.0
1041,1518661975857,0.0,0.0,0.0,0.0,0.0,0.0,0.0,0.0,20528.0,-8748.0,-19932.0,7693.0,-2473.0,1844.0
1042,1518661975937,0.0,0.0,0.0,0.0,0.0,0.0,0.0,0.0,20528.0,-8748.0,-19932.0,7693.0,-2473.0,1844.0
1043,1518661976018,0.0,0.0,0.0,0.0,0.0,0.0,0.0,0.0,20528.0,-8748.0,-19932.0,7693.0,-2473.0,1844.0
1044,1518661976097,0.0,0.0,0.0,0.0,0.0,0.0,0.0,0.0,20528.0,-8748.0,-19932.0,7693.0,-2473.0,1844.0
1045,1518661976177,0.0,0.0,0.0,0.0,0.0,0.0,0.0,0.0,20528.0,-8748.0,-19932.0,7693.0,-2473.0,1844.0
1046,1518661976257,0.0,0.0,0.0,0.0,0.0,0.0,0.0,0.0,20528.0,-8748.0,-19932.0,7693.0,-2473.0,1844.0
1047,1518661976337,0.0,0.0,0.0,0.0,0.0,0.0,0.0,0.0,20528.0,-8748.0,-19932.0,7693.0,-2473.0,1844.0
1048,1518661976417,0.0,0.0,0.0,0.0,0.0,0.0,0.0,0.0,20528.0,-8748.0,-19932.0,7693.0,-2473.0,1844.0
1049,1518661976498,0.0,0.0,0.0,0.0,0.0,0.0,0.0,0.0,20528.0,-8748.0,-19932.0,7693.0,-2473.0,1844.0
1050,1518661976578,0.0,0.0,0.0,0.0,0.0,0.0,0.0,0.0,20528.0,-8748.0,-19932.0,7693.0,-2473.0,1844.0
1051,1518661976657,0.0,0.0,0.0,0.0,0.0,0.0,0.0,0.0,20528.0,-8748.0,-19932.0,7693.0,-2473.0,1844.0
1052,1518661976721,0.0,0.0,0.0,0.0,0.0,0.0,0.0,0.0,20528.0,-8748.0,-19932.0,7693.0,-2473.0,1844.0
1053,1518661976802,0.0,0.0,0.0,0.0,0.0,0.0,0.0,0.0,20528.0,-8748.0,-19932.0,7693.0,-2473.0,1844.0
1054,1518661976882,0.0,0.0,0.0,0.0,0.0,0.0,0.0,0.0,20528.0,-8748.0,-19932.0,7693.0,-2473.0,1844.0
1055,1518661976962,0.0,0.0,0.0,0.0,0.0,0.0,0.0,0.0,20528.0,-8748.0,-19932.0,7693.0,-2473.0,1844.0
1056,1518661977042,0.0,0.0,0.0,0.0,0.0,0.0,0.0,0.0,20528.0,-8748.0,-19932.0,7693.0,-2473.0,1844.0
1057,1518661977121,0.0,0.0,0.0,0.0,0.0,0.0,0.0,0.0,20528.0,-8748.0,-19932.0,7693.0,-2473.0,1844.0
1058,1518661977201,0.0,0.0,0.0,0.0,0.0,0.0,0.0,0.0,20528.0,-8748.0,-19932.0,7693.0,-2473.0,1844.0
1059,1518661977282,0.0,0.0,0.0,0.0,0.0,0.0,0.0,0.0,20528.0,-8748.0,-19932.0,7693.0,-2473.0,1844.0
1060,1518661977362,0.0,0.0,0.0,0.0,0.0,0.0,0.0,0.0,20528.0,-8748.0,-19932.0,7693.0,-2473.0,1844.0
1061,1518661977442,0.0,0.0,0.0,0.0,0.0,0.0,0.0,0.0,20528.0,-8748.0,-19932.0,7693.0,-2473.0,1844.0
1062,1518661977522,0.0,0.0,0.0,0.0,0.0,0.0,0.0,0.0,20528.0,-8748.0,-19932.0,7693.0,-2473.0,1844.0
1063,1518661977602,0.0,0.0,0.0,0.0,0.0,0.0,0.0,0.0,20528.0,-8748.0,-19932.0,7693.0,-2473.0,1844.0
1064,1518661977682,0.0,0.0,0.0,0.0,0.0,0.0,0.0,0.0,20528.0,-8748.0,-19932.0,7693.0,-2473.0,1844.0
1065,1518661977762,0.0,0.0,0.0,0.0,0.0,0.0,0.0,0.0,20528.0,-8748.0,-19932.0,7693.0,-2473.0,1844.0
1066,1518661977842,0.0,0.0,0.0,0.0,0.0,0.0,0.0,0.0,20528.0,-8748.0,-19932.0,7693.0,-2473.0,1844.0
1067,1518661977906,0.0,0.0,0.0,0.0,0.0,0.0,0.0,0.0,20528.0,-8748.0,-19932.0,7693.0,-2473.0,1844.0
1068,1518661977986,0.0,0.0,0.0,0.0,0.0,0.0,0.0,0.0,20528.0,-8748.0,-19932.0,7693.0,-2473.0,1844.0
1069,1518661978067,0.0,0.0,0.0,0.0,0.0,0.0,0.0,0.0,20528.0,-8748.0,-19932.0,7693.0,-2473.0,1844.0
1070,1518661978146,0.0,0.0,0.0,0.0,0.0,0.0,0.0,0.0,20528.0,-8748.0,-19932.0,7693.0,-2473.0,1844.0
1071,1518661978226,0.0,0.0,0.0,0.0,0.0,0.0,0.0,0.0,20528.0,-8748.0,-19932.0,7693.0,-2473.0,1844.0
1072,1518661978306,0.0,0.0,0.0,0.0,0.0,0.0,0.0,0.0,20528.0,-8748.0,-19932.0,7693.0,-2473.0,1844.0
1073,1518661978387,0.0,0.0,0.0,0.0,0.0,0.0,0.0,0.0,20528.0,-8748.0,-19932.0,7693.0,-2473.0,1844.0
1074,1518661978466,0.0,0.0,0.0,0.0,0.0,0.0,0.0,0.0,24296.0,-21228.0,-3476.0,383.0,399.0,-1081.0
